0 (32, 44) (58, 40) (86, 40) (118, 40) (142, 39) (161, 38) 4 6 7 5 9 5 
1 (42, 46) (62, 47) (91, 48) (118, 47) (139, 50) (170, 54) 2 1 6 6 7 2 
2 (47, 52) (67, 50) (86, 47) (114, 51) (142, 53) (172, 53) 6 8 2 5 8 5 
3 (40, 53) (69, 55) (98, 53) (113, 54) (135, 53) (166, 51) 2 8 8 8 9 4 
4 (33, 51) (65, 57) (92, 57) (116, 55) (134, 57) (159, 62) 1 4 4 3 3 7 
6 (42, 59) (70, 61) (97, 58) (116, 59) (141, 59) (170, 52) 3 4 6 6 6 5 
7 (37, 59) (70, 58) (100, 54) (119, 53) (139, 54) (161, 55) 3 4 7 3 1 9 
8 (46, 41) (73, 45) (94, 46) (110, 45) (138, 44) (167, 46) 3 4 5 1 5 7 
9 (41, 49) (68, 47) (100, 50) (124, 49) (141, 54) (164, 54) 0 3 9 7 4 3 
10 (41, 50) (62, 56) (92, 55) (121, 56) (143, 56) (164, 55) 7 7 2 5 5 3 
11 (41, 56) (64, 57) (92, 59) (118, 60) (142, 62) (159, 60) 2 6 0 0 3 3 
12 (51, 50) (72, 50) (91, 46) (115, 48) (144, 50) (163, 50) 8 1 3 0 5 1 
13 (42, 42) (66, 44) (91, 45) (122, 43) (146, 43) (163, 40) 6 9 2 0 3 9 
14 (43, 44) (72, 44) (93, 44) (111, 43) (136, 45) (165, 51) 0 0 4 4 1 0 
15 (48, 53) (69, 51) (89, 55) (110, 57) (129, 54) (165, 61) 0 6 0 4 4 4 
16 (39, 52) (63, 54) (88, 55) (114, 58) (137, 55) (153, 57) 8 0 5 4 3 8 
17 (43, 50) (59, 48) (80, 49) (115, 49) (143, 49) (161, 50) 6 1 4 0 4 8 
18 (40, 47) (58, 49) (83, 49) (101, 55) (132, 51) (167, 50) 3 2 3 3 5 7 
19 (47, 53) (63, 51) (78, 51) (107, 48) (131, 48) (156, 53) 3 8 1 1 8 0 
20 (33, 51) (55, 53) (99, 60) (122, 56) (140, 56) (160, 54) 5 7 9 5 1 3 
21 (45, 51) (67, 50) (94, 47) (111, 49) (132, 50) (166, 43) 8 4 2 3 0 7 
22 (47, 50) (77, 48) (98, 45) (118, 46) (147, 42) (172, 44) 9 9 5 2 7 3 
23 (39, 50) (60, 52) (88, 50) (116, 50) (140, 50) (164, 45) 0 0 9 6 5 3 
24 (43, 50) (63, 50) (92, 56) (117, 56) (139, 56) (160, 57) 9 0 9 8 1 7 
25 (44, 56) (74, 54) (99, 55) (121, 53) (147, 56) (169, 55) 6 3 3 9 8 3 
26 (42, 40) (60, 42) (85, 40) (109, 43) (138, 46) (167, 47) 8 0 7 1 4 6 
27 (38, 50) (72, 48) (96, 48) (119, 51) (141, 54) (165, 53) 3 5 2 7 2 1 
28 (45, 53) (62, 54) (83, 54) (114, 51) (141, 48) (170, 56) 9 7 2 0 8 8 
29 (31, 51) (62, 49) (89, 46) (120, 48) (145, 48) (164, 45) 8 9 5 9 3 1 
30 (44, 48) (65, 51) (91, 55) (109, 53) (131, 53) (161, 58) 6 0 4 3 6 8 
31 (40, 48) (69, 49) (89, 49) (113, 49) (143, 44) (174, 47) 0 4 3 5 7 6 
32 (45, 51) (63, 55) (84, 54) (113, 48) (137, 51) (161, 51) 5 9 6 6 4 4 
33 (41, 46) (65, 45) (91, 43) (110, 48) (128, 48) (159, 45) 5 3 3 4 4 1 
34 (43, 44) (74, 43) (97, 44) (114, 45) (135, 48) (160, 51) 2 5 3 8 2 9 
35 (43, 60) (66, 57) (86, 60) (107, 61) (137, 57) (167, 57) 4 3 9 7 0 0 
36 (38, 57) (69, 56) (93, 54) (115, 56) (143, 55) (161, 53) 3 8 6 0 5 0 
37 (45, 51) (67, 52) (91, 56) (119, 59) (144, 59) (164, 60) 7 5 7 8 4 5 
38 (46, 44) (67, 46) (81, 47) (115, 46) (145, 45) (164, 47) 8 9 1 0 3 6 
39 (41, 54) (64, 54) (92, 57) (121, 60) (143, 60) (165, 60) 8 5 3 5 1 1 
40 (42, 45) (63, 44) (94, 40) (109, 42) (128, 44) (159, 41) 1 1 7 8 6 7 
41 (41, 56) (62, 55) (95, 59) (120, 62) (138, 61) (162, 63) 0 0 9 6 6 6 
42 (45, 51) (64, 53) (91, 55) (116, 55) (134, 50) (160, 54) 4 4 4 7 8 7 
43 (45, 42) (61, 40) (84, 43) (116, 42) (136, 42) (157, 42) 7 3 0 8 5 5 
44 (39, 54) (66, 52) (81, 50) (112, 55) (135, 56) (164, 55) 3 9 7 5 8 0 
45 (49, 54) (64, 53) (90, 52) (118, 54) (143, 54) (160, 52) 9 0 9 8 1 1 
46 (42, 47) (66, 46) (92, 48) (110, 45) (134, 44) (163, 45) 9 6 4 9 3 0 
47 (49, 44) (71, 43) (91, 46) (107, 49) (132, 49) (158, 52) 6 3 0 6 5 0 
48 (52, 58) (76, 58) (88, 59) (114, 60) (141, 55) (160, 53) 8 5 4 0 5 6 
49 (37, 57) (70, 54) (87, 54) (110, 56) (136, 53) (159, 53) 1 6 2 4 9 7 
50 (39, 53) (63, 56) (87, 56) (109, 57) (132, 56) (161, 60) 8 8 0 0 3 0 
51 (37, 57) (66, 55) (85, 56) (106, 57) (131, 57) (167, 51) 1 2 4 8 8 5 
52 (47, 43) (65, 42) (95, 43) (125, 43) (145, 44) (159, 42) 6 3 8 8 4 5 
53 (41, 53) (63, 53) (92, 59) (119, 56) (145, 54) (164, 55) 9 6 2 4 4 5 
54 (50, 62) (73, 62) (96, 59) (111, 59) (127, 60) (163, 55) 4 3 8 2 1 3 
56 (46, 55) (64, 55) (85, 55) (108, 51) (130, 56) (158, 60) 1 3 8 8 8 5 
57 (31, 54) (63, 47) (91, 41) (119, 43) (140, 42) (160, 42) 4 7 3 6 7 1 
58 (47, 49) (64, 50) (92, 47) (113, 46) (134, 47) (168, 46) 2 4 9 7 0 9 
59 (48, 54) (64, 50) (88, 50) (109, 51) (131, 50) (166, 47) 4 0 5 5 8 9 
60 (35, 43) (64, 41) (87, 42) (113, 44) (133, 44) (161, 43) 2 6 1 6 3 1 
61 (36, 49) (59, 47) (95, 51) (117, 53) (135, 48) (163, 45) 8 0 9 9 5 6 
62 (44, 51) (64, 52) (96, 49) (121, 51) (139, 50) (159, 47) 6 1 6 4 2 0 
63 (50, 40) (74, 41) (95, 42) (120, 39) (145, 41) (165, 45) 3 4 9 6 1 4 
64 (34, 51) (62, 50) (92, 48) (109, 48) (132, 53) (162, 49) 7 2 6 1 0 8 
65 (47, 54) (70, 57) (100, 58) (123, 58) (139, 59) (161, 59) 1 5 7 6 0 3 
67 (41, 53) (73, 53) (98, 54) (111, 53) (134, 57) (165, 62) 0 6 7 7 1 9 
68 (41, 50) (66, 50) (96, 51) (118, 50) (140, 54) (162, 50) 9 8 9 1 4 4 
69 (51, 51) (68, 49) (90, 51) (124, 51) (145, 50) (159, 50) 4 2 8 9 1 6 
70 (52, 56) (79, 56) (101, 57) (114, 55) (137, 54) (166, 49) 0 2 9 0 9 9 
71 (49, 61) (64, 59) (83, 58) (119, 56) (142, 58) (170, 63) 9 1 2 6 2 5 
72 (44, 51) (64, 52) (84, 51) (110, 49) (136, 50) (163, 53) 4 6 0 3 2 1 
73 (48, 48) (67, 45) (86, 47) (113, 43) (136, 45) (162, 51) 3 0 5 3 7 1 
74 (37, 58) (64, 62) (89, 62) (116, 61) (138, 59) (159, 60) 2 8 1 3 0 7 
75 (36, 52) (61, 52) (83, 56) (109, 54) (143, 52) (168, 55) 4 3 2 2 5 0 
76 (41, 43) (68, 46) (94, 48) (115, 45) (144, 46) (170, 47) 9 6 5 7 4 6 
77 (46, 54) (74, 53) (97, 51) (116, 49) (132, 50) (155, 54) 2 8 1 7 7 8 
78 (40, 55) (66, 51) (93, 50) (120, 49) (143, 50) (158, 49) 1 7 2 0 7 2 
79 (31, 52) (57, 52) (84, 51) (115, 53) (144, 49) (163, 48) 8 7 4 4 8 8 
80 (42, 56) (60, 50) (81, 52) (114, 56) (142, 54) (164, 56) 4 3 4 8 0 5 
81 (44, 62) (69, 62) (88, 63) (107, 62) (141, 59) (173, 53) 9 0 2 1 4 4 
82 (49, 41) (75, 43) (88, 44) (113, 45) (143, 45) (163, 46) 9 9 8 2 8 1 
83 (41, 49) (65, 49) (87, 49) (113, 49) (129, 47) (167, 54) 3 3 3 9 1 6 
84 (42, 56) (59, 59) (98, 61) (121, 62) (142, 59) (167, 59) 1 1 6 0 6 9 
85 (46, 47) (74, 47) (96, 50) (119, 49) (142, 51) (154, 51) 4 7 7 9 4 2 
87 (45, 50) (71, 49) (92, 49) (112, 48) (137, 50) (157, 54) 0 3 3 9 5 0 
88 (36, 53) (66, 56) (91, 57) (117, 54) (135, 54) (163, 56) 2 7 3 9 0 4 
89 (34, 49) (58, 50) (82, 49) (105, 49) (134, 51) (166, 45) 5 5 4 1 4 6 
90 (47, 54) (69, 52) (88, 50) (119, 52) (139, 51) (157, 51) 0 3 1 0 5 3 
91 (37, 56) (73, 57) (99, 63) (115, 63) (132, 63) (156, 62) 3 9 1 4 5 2 
92 (48, 56) (68, 59) (95, 59) (116, 57) (138, 55) (159, 50) 8 1 0 9 9 8 
93 (40, 55) (64, 53) (84, 52) (118, 54) (143, 56) (163, 55) 7 5 8 2 3 9 
94 (41, 64) (61, 62) (82, 63) (110, 63) (140, 62) (164, 58) 1 8 0 9 6 3 
95 (39, 42) (70, 44) (94, 42) (109, 43) (138, 46) (160, 51) 4 0 5 3 9 1 
96 (47, 49) (67, 46) (92, 44) (113, 45) (144, 44) (161, 47) 0 3 5 2 9 0 
97 (41, 47) (63, 54) (90, 54) (112, 55) (142, 54) (166, 58) 6 8 2 2 5 1 
98 (41, 55) (54, 60) (81, 61) (117, 53) (144, 51) (166, 55) 5 1 0 8 2 1 
99 (39, 53) (64, 56) (88, 58) (111, 57) (136, 58) (155, 60) 7 6 7 2 7 2 
100 (51, 60) (67, 58) (89, 57) (117, 60) (145, 56) (170, 56) 6 7 7 1 7 8 
101 (54, 42) (76, 44) (89, 45) (111, 45) (132, 45) (156, 48) 6 9 8 7 3 2 
102 (43, 50) (58, 55) (89, 50) (114, 48) (145, 52) (166, 44) 5 1 0 3 4 6 
103 (48, 58) (59, 63) (84, 61) (116, 57) (135, 57) (160, 59) 5 8 4 9 4 1 
104 (41, 52) (63, 54) (94, 58) (121, 60) (143, 57) (156, 58) 5 8 8 4 1 2 
105 (38, 46) (71, 51) (100, 46) (120, 46) (140, 48) (159, 50) 7 8 9 9 6 0 
106 (38, 51) (59, 50) (89, 51) (111, 49) (134, 49) (164, 45) 8 7 9 2 3 5 
107 (34, 44) (63, 48) (87, 45) (109, 49) (133, 48) (164, 47) 4 6 0 0 2 5 
108 (49, 59) (71, 61) (95, 55) (115, 52) (137, 54) (159, 56) 5 4 0 8 2 8 
109 (43, 45) (75, 50) (96, 47) (113, 48) (136, 52) (171, 54) 7 6 2 9 8 5 
110 (37, 44) (67, 46) (96, 42) (111, 42) (136, 42) (155, 39) 9 0 2 6 9 0 
111 (51, 55) (67, 58) (93, 58) (121, 56) (138, 56) (161, 57) 6 8 8 0 8 8 
112 (43, 48) (64, 49) (93, 51) (113, 51) (135, 50) (160, 47) 7 4 0 5 9 8 
113 (46, 60) (62, 59) (86, 59) (117, 58) (145, 59) (170, 62) 2 1 1 5 5 9 
114 (41, 50) (69, 48) (94, 50) (113, 52) (136, 52) (167, 55) 9 6 7 4 0 4 
115 (37, 53) (59, 53) (79, 57) (114, 56) (143, 55) (160, 57) 1 4 0 6 9 9 
116 (44, 55) (65, 53) (90, 47) (115, 48) (143, 52) (169, 51) 8 8 3 5 8 5 
117 (32, 49) (60, 46) (88, 46) (119, 49) (138, 50) (165, 46) 1 9 0 9 6 5 
118 (50, 55) (66, 55) (94, 56) (114, 60) (133, 59) (157, 62) 4 8 9 7 8 1 
119 (38, 58) (71, 56) (92, 57) (110, 53) (146, 55) (158, 53) 3 7 1 1 6 4 
120 (48, 60) (65, 60) (83, 59) (113, 56) (143, 59) (167, 59) 8 6 5 3 0 2 
121 (36, 51) (70, 52) (101, 49) (120, 47) (138, 46) (161, 46) 3 3 4 8 7 4 
122 (39, 50) (74, 48) (95, 49) (113, 48) (147, 46) (168, 50) 4 4 9 5 5 1 
123 (45, 59) (68, 57) (96, 59) (112, 63) (135, 66) (159, 65) 4 0 5 0 5 5 
124 (34, 54) (65, 54) (87, 59) (110, 55) (136, 53) (171, 57) 1 5 1 6 7 6 
125 (40, 53) (65, 51) (86, 48) (117, 51) (146, 50) (164, 51) 2 8 2 0 0 8 
126 (42, 62) (57, 62) (84, 59) (117, 58) (142, 58) (163, 55) 0 7 9 6 2 3 
127 (44, 45) (65, 47) (95, 46) (113, 47) (133, 49) (165, 52) 0 5 3 8 2 2 
128 (46, 46) (62, 45) (83, 46) (113, 46) (140, 48) (159, 51) 0 2 2 3 0 7 
129 (43, 53) (63, 54) (93, 60) (117, 53) (138, 53) (163, 54) 9 8 9 7 9 7 
130 (50, 48) (69, 48) (92, 45) (120, 45) (143, 45) (160, 46) 0 6 6 8 0 4 
131 (44, 59) (66, 59) (91, 55) (112, 55) (137, 55) (171, 52) 9 5 3 0 1 6 
132 (41, 50) (63, 53) (93, 55) (111, 52) (129, 52) (165, 54) 2 1 3 5 5 9 
133 (49, 63) (68, 61) (90, 59) (104, 61) (130, 62) (167, 57) 4 3 9 1 8 6 
134 (46, 53) (61, 57) (86, 56) (112, 54) (137, 54) (165, 55) 7 4 0 2 9 7 
135 (45, 48) (59, 51) (82, 48) (115, 50) (139, 50) (161, 46) 4 0 7 4 1 1 
136 (45, 43) (69, 47) (93, 47) (113, 44) (140, 48) (173, 52) 4 2 9 2 2 7 
137 (44, 59) (58, 59) (87, 62) (121, 60) (143, 62) (160, 65) 7 3 6 6 6 6 
138 (46, 54) (66, 54) (89, 55) (112, 53) (133, 54) (160, 57) 6 0 8 5 4 6 
139 (46, 49) (79, 48) (100, 50) (122, 49) (137, 49) (156, 51) 4 9 3 6 3 6 
140 (35, 49) (62, 52) (87, 51) (114, 53) (138, 52) (158, 53) 4 6 0 9 2 5 
141 (47, 56) (61, 56) (79, 54) (108, 57) (132, 55) (162, 52) 2 1 2 0 7 4 
142 (45, 62) (65, 61) (90, 60) (116, 62) (143, 58) (164, 56) 2 2 5 6 9 0 
143 (38, 54) (66, 52) (87, 54) (116, 58) (139, 53) (160, 55) 2 5 4 6 9 2 
144 (48, 53) (70, 51) (87, 58) (109, 56) (136, 52) (163, 50) 0 9 3 2 3 3 
145 (42, 60) (65, 55) (91, 55) (115, 55) (138, 55) (159, 51) 9 7 3 2 8 3 
146 (43, 62) (69, 61) (89, 60) (114, 62) (142, 55) (164, 53) 3 6 6 8 3 7 
147 (38, 46) (62, 45) (89, 51) (113, 51) (133, 51) (166, 49) 6 7 2 7 2 4 
148 (39, 47) (60, 46) (92, 46) (118, 46) (135, 45) (160, 44) 3 3 8 4 0 5 
149 (53, 53) (68, 55) (89, 56) (107, 52) (127, 49) (164, 55) 7 1 6 5 2 7 
150 (36, 56) (66, 54) (87, 53) (111, 53) (127, 54) (153, 58) 9 2 5 5 1 1 
152 (49, 45) (64, 43) (88, 41) (117, 42) (141, 43) (157, 42) 8 6 0 0 7 6 
153 (49, 47) (75, 48) (95, 49) (109, 47) (139, 45) (172, 51) 2 1 7 8 7 8 
154 (50, 51) (67, 50) (97, 47) (116, 44) (136, 49) (167, 45) 0 8 0 7 2 8 
155 (37, 60) (57, 58) (90, 63) (111, 63) (132, 62) (161, 64) 1 8 0 2 3 4 
156 (37, 50) (63, 51) (94, 56) (122, 59) (144, 60) (160, 61) 6 3 7 4 9 7 
157 (38, 60) (66, 58) (92, 57) (113, 60) (137, 56) (171, 53) 1 2 1 9 8 8 
158 (33, 53) (69, 57) (99, 57) (119, 60) (135, 58) (159, 61) 2 9 6 3 4 7 
159 (48, 50) (64, 52) (82, 51) (114, 53) (139, 50) (159, 51) 6 7 0 0 2 7 
160 (46, 59) (74, 59) (90, 57) (116, 57) (144, 56) (160, 58) 3 9 6 9 5 0 
161 (49, 60) (65, 59) (83, 56) (114, 55) (140, 58) (156, 54) 8 0 7 4 1 7 
162 (43, 54) (64, 56) (91, 52) (111, 53) (141, 49) (163, 48) 5 1 3 3 9 1 
163 (42, 46) (58, 46) (83, 48) (116, 45) (142, 48) (161, 49) 2 3 4 9 3 9 
164 (50, 47) (75, 53) (92, 52) (117, 52) (141, 47) (165, 54) 7 6 3 3 7 3 
165 (34, 54) (63, 54) (96, 51) (120, 54) (141, 53) (165, 50) 5 5 9 8 5 6 
166 (37, 50) (66, 57) (88, 55) (110, 54) (131, 54) (160, 60) 7 0 6 8 1 0 
167 (47, 49) (67, 54) (89, 51) (114, 52) (137, 56) (158, 59) 0 9 7 9 2 3 
168 (38, 50) (60, 52) (89, 54) (121, 55) (141, 55) (157, 56) 8 3 8 4 2 2 
169 (36, 53) (62, 51) (92, 51) (117, 52) (135, 52) (160, 44) 9 2 8 9 4 5 
170 (44, 57) (66, 58) (92, 61) (114, 58) (130, 60) (162, 61) 6 6 8 6 8 7 
171 (47, 49) (68, 48) (85, 50) (109, 48) (131, 50) (168, 51) 4 9 7 7 2 8 
172 (54, 55) (70, 53) (88, 50) (109, 54) (138, 55) (170, 51) 0 9 7 8 7 7 
173 (49, 47) (78, 45) (101, 47) (114, 47) (141, 47) (170, 47) 6 8 0 2 5 5 
174 (44, 47) (64, 45) (92, 46) (118, 45) (141, 44) (156, 46) 6 2 6 9 3 2 
175 (35, 56) (67, 59) (89, 58) (112, 57) (130, 57) (165, 63) 2 5 1 8 1 7 
176 (39, 44) (71, 47) (98, 46) (113, 46) (134, 49) (152, 52) 3 0 4 6 5 8 
177 (46, 59) (62, 61) (85, 59) (123, 56) (143, 58) (160, 60) 3 2 3 6 2 2 
178 (39, 48) (69, 51) (95, 49) (114, 49) (143, 49) (171, 54) 7 3 3 3 9 0 
179 (42, 44) (59, 41) (85, 44) (113, 43) (128, 45) (157, 43) 8 3 2 3 1 1 
180 (47, 52) (67, 54) (92, 55) (119, 58) (143, 58) (168, 58) 6 9 8 7 3 7 
181 (34, 47) (57, 47) (82, 46) (110, 46) (136, 48) (172, 52) 3 1 5 2 7 9 
182 (44, 42) (73, 44) (92, 45) (117, 43) (140, 46) (170, 49) 5 7 7 9 5 7 
183 (33, 49) (59, 49) (91, 46) (121, 44) (141, 46) (161, 42) 0 4 4 9 9 9 
184 (44, 55) (66, 53) (94, 52) (117, 52) (141, 53) (166, 50) 7 8 5 5 3 8 
185 (37, 54) (61, 53) (92, 48) (124, 51) (153, 51) (169, 49) 7 0 6 9 7 8 
186 (47, 60) (67, 58) (83, 59) (109, 59) (144, 57) (174, 55) 3 4 7 1 7 2 
187 (45, 53) (61, 54) (81, 54) (115, 59) (138, 57) (172, 51) 8 1 1 6 8 8 
188 (42, 47) (73, 46) (92, 51) (110, 47) (147, 48) (177, 57) 7 8 2 2 9 8 
189 (42, 47) (67, 47) (87, 52) (115, 50) (137, 51) (162, 49) 1 3 2 9 4 8 
190 (44, 62) (71, 64) (99, 58) (113, 57) (137, 54) (166, 57) 0 4 6 4 2 1 
191 (44, 44) (66, 42) (90, 41) (119, 42) (137, 43) (153, 41) 0 6 3 4 6 1 
192 (41, 57) (69, 55) (88, 54) (114, 58) (137, 58) (161, 54) 7 5 3 6 3 0 
193 (40, 46) (60, 40) (84, 46) (123, 45) (148, 45) (163, 45) 6 7 4 9 8 1 
194 (41, 52) (68, 50) (87, 50) (113, 48) (132, 49) (162, 54) 5 8 1 9 7 4 
196 (29, 51) (61, 51) (86, 53) (113, 55) (141, 53) (169, 53) 9 9 1 2 9 1 
197 (42, 52) (62, 51) (86, 49) (117, 52) (138, 55) (162, 50) 6 2 8 0 8 4 
198 (42, 44) (62, 43) (82, 43) (112, 47) (138, 46) (164, 47) 9 6 3 4 1 5 
199 (30, 55) (64, 54) (86, 50) (108, 54) (133, 55) (167, 50) 1 4 2 4 2 4 
200 (42, 59) (66, 57) (85, 55) (107, 58) (136, 58) (167, 51) 4 9 0 2 4 7 
201 (43, 59) (65, 59) (89, 61) (117, 59) (130, 58) (155, 60) 2 6 5 3 9 8 
202 (39, 45) (56, 45) (82, 44) (113, 43) (135, 44) (156, 42) 5 5 2 3 3 8 
203 (38, 51) (63, 51) (90, 48) (116, 48) (143, 50) (161, 45) 7 9 3 2 9 0 
204 (41, 46) (62, 44) (83, 50) (119, 51) (145, 48) (163, 53) 6 1 4 4 3 4 
205 (46, 58) (71, 54) (89, 53) (117, 54) (145, 55) (167, 57) 5 9 0 0 7 6 
206 (44, 48) (69, 51) (91, 49) (111, 48) (138, 46) (163, 49) 8 5 2 4 0 7 
207 (33, 48) (67, 49) (87, 50) (117, 51) (136, 49) (162, 50) 2 7 0 9 2 2 
208 (51, 56) (66, 56) (87, 58) (112, 62) (137, 60) (170, 54) 6 1 5 8 5 5 
209 (34, 55) (62, 59) (90, 62) (129, 62) (146, 60) (174, 60) 3 7 4 6 7 7 
210 (48, 48) (71, 47) (95, 51) (119, 50) (146, 50) (161, 49) 0 7 3 9 4 5 
211 (38, 54) (67, 60) (93, 55) (113, 55) (133, 52) (155, 52) 5 4 2 1 0 1 
212 (42, 45) (64, 47) (83, 50) (111, 45) (132, 49) (170, 52) 8 3 1 5 0 5 
213 (35, 61) (64, 55) (91, 53) (111, 54) (133, 53) (164, 47) 0 2 1 2 8 6 
214 (37, 62) (69, 62) (84, 61) (103, 62) (136, 59) (171, 53) 7 0 5 1 5 8 
215 (36, 47) (62, 48) (89, 46) (113, 46) (127, 45) (159, 44) 7 6 0 4 1 0 
216 (40, 51) (67, 57) (92, 57) (123, 57) (142, 57) (159, 60) 5 6 6 5 5 3 
217 (38, 57) (63, 61) (84, 61) (119, 57) (142, 57) (165, 57) 1 7 5 5 6 8 
218 (46, 52) (64, 55) (84, 54) (114, 60) (132, 61) (167, 54) 2 9 6 4 2 5 
219 (35, 53) (67, 50) (88, 47) (115, 49) (140, 52) (165, 48) 9 1 3 2 4 9 
220 (45, 58) (66, 56) (87, 57) (114, 59) (135, 53) (166, 48) 8 7 0 4 1 5 
221 (42, 55) (68, 57) (86, 55) (118, 56) (144, 54) (160, 53) 7 0 7 3 4 1 
222 (35, 46) (58, 42) (86, 44) (121, 43) (138, 44) (165, 45) 5 8 8 8 6 6 
223 (42, 47) (61, 50) (86, 53) (115, 54) (138, 54) (159, 57) 8 1 0 9 2 4 
224 (41, 47) (60, 46) (91, 44) (121, 43) (138, 45) (160, 45) 3 8 5 0 4 6 
225 (39, 53) (66, 54) (98, 50) (120, 50) (137, 47) (155, 46) 6 4 4 1 7 8 
226 (37, 56) (56, 56) (88, 58) (119, 57) (138, 60) (157, 62) 2 2 7 4 5 1 
227 (48, 47) (77, 45) (95, 45) (115, 46) (132, 47) (158, 46) 5 9 1 4 3 6 
228 (40, 56) (68, 55) (87, 49) (113, 53) (138, 55) (166, 51) 5 8 8 7 1 6 
229 (39, 60) (62, 64) (82, 62) (112, 59) (133, 59) (156, 65) 3 6 2 5 8 1 
230 (40, 63) (63, 58) (82, 54) (119, 60) (140, 59) (163, 58) 0 4 7 9 1 4 
231 (34, 43) (65, 43) (96, 45) (115, 42) (131, 41) (156, 41) 3 5 4 5 5 0 
233 (43, 47) (58, 47) (83, 47) (111, 51) (130, 52) (158, 47) 0 8 8 9 0 3 
234 (40, 44) (61, 42) (91, 45) (115, 46) (134, 47) (164, 42) 5 5 9 4 6 7 
235 (45, 45) (70, 43) (85, 46) (106, 44) (135, 43) (159, 45) 6 7 5 2 7 0 
236 (42, 42) (71, 44) (93, 44) (118, 46) (146, 47) (161, 46) 1 7 5 5 4 2 
237 (35, 47) (66, 51) (100, 53) (113, 53) (137, 54) (159, 57) 1 2 4 4 2 0 
238 (39, 53) (60, 53) (82, 53) (114, 57) (135, 57) (165, 52) 3 6 7 4 1 6 
239 (47, 50) (73, 50) (98, 54) (112, 49) (136, 49) (161, 53) 9 9 9 3 9 5 
240 (36, 45) (60, 46) (90, 46) (115, 48) (139, 47) (165, 48) 7 8 0 4 4 7 
241 (53, 55) (72, 56) (86, 55) (111, 59) (135, 59) (161, 50) 1 7 3 2 2 6 
242 (50, 44) (67, 45) (83, 44) (107, 45) (133, 47) (159, 49) 4 3 5 6 7 3 
243 (47, 51) (63, 49) (78, 51) (112, 49) (137, 50) (170, 53) 9 7 1 6 5 8 
244 (32, 50) (59, 50) (92, 56) (115, 53) (136, 52) (166, 56) 5 0 2 5 3 9 
245 (48, 43) (68, 40) (88, 41) (114, 41) (145, 42) (162, 46) 3 4 4 3 7 8 
246 (51, 52) (71, 54) (100, 51) (118, 53) (136, 52) (158, 50) 7 1 8 4 6 1 
248 (40, 52) (67, 53) (94, 49) (108, 52) (134, 54) (165, 46) 3 6 2 1 3 6 
249 (27, 47) (62, 45) (93, 43) (119, 41) (142, 40) (162, 42) 8 1 1 0 7 3 
250 (40, 58) (65, 63) (90, 61) (116, 58) (145, 59) (170, 58) 2 0 7 8 0 7 
251 (42, 42) (70, 44) (96, 45) (121, 41) (133, 45) (155, 49) 6 6 0 7 1 1 
252 (51, 58) (70, 61) (88, 62) (110, 60) (138, 56) (163, 53) 9 1 0 8 5 2 
253 (47, 48) (67, 45) (89, 46) (120, 45) (143, 44) (161, 46) 4 1 7 7 6 2 
254 (35, 50) (61, 46) (89, 43) (119, 48) (135, 47) (157, 48) 4 6 3 8 1 4 
255 (31, 52) (61, 56) (94, 55) (112, 61) (123, 61) (162, 61) 9 5 7 5 1 5 
256 (51, 56) (67, 52) (87, 55) (115, 56) (137, 54) (157, 58) 7 5 4 0 8 0 
257 (40, 57) (65, 57) (84, 56) (119, 56) (147, 59) (168, 58) 2 7 8 9 2 9 
258 (45, 45) (64, 46) (90, 42) (119, 41) (140, 41) (160, 38) 3 8 8 3 5 0 
259 (41, 51) (66, 50) (87, 49) (121, 51) (138, 50) (165, 51) 3 6 7 6 1 0 
260 (58, 52) (72, 52) (89, 54) (108, 52) (140, 58) (167, 62) 6 3 4 1 6 6 
261 (41, 52) (66, 50) (91, 49) (121, 55) (140, 57) (165, 51) 2 5 4 4 4 9 
262 (45, 40) (63, 45) (85, 43) (110, 47) (143, 46) (169, 45) 0 1 1 8 1 9 
263 (38, 43) (73, 41) (95, 41) (117, 41) (139, 43) (171, 49) 1 7 2 2 1 8 
264 (47, 49) (63, 50) (87, 46) (108, 46) (133, 46) (171, 53) 6 5 5 1 1 2 
265 (40, 50) (66, 47) (92, 47) (111, 46) (137, 50) (170, 46) 6 7 9 0 6 6 
266 (45, 57) (69, 59) (90, 57) (120, 57) (143, 56) (159, 57) 6 7 0 5 6 7 
267 (46, 43) (72, 49) (101, 43) (118, 47) (141, 44) (168, 47) 4 2 1 4 3 1 
268 (44, 57) (59, 56) (86, 60) (112, 62) (133, 61) (166, 58) 8 3 2 9 1 3 
269 (39, 55) (62, 60) (88, 57) (112, 59) (138, 59) (170, 55) 3 2 9 6 8 9 
270 (44, 57) (70, 50) (93, 51) (111, 51) (140, 51) (166, 46) 4 3 6 3 9 5 
271 (42, 44) (74, 45) (97, 45) (110, 46) (130, 45) (165, 55) 3 9 7 8 0 6 
272 (39, 41) (64, 46) (89, 44) (108, 45) (133, 48) (162, 52) 2 3 9 5 3 2 
273 (30, 48) (58, 53) (84, 53) (118, 53) (143, 57) (161, 54) 7 6 5 0 4 8 
274 (54, 58) (73, 57) (97, 57) (115, 55) (142, 56) (165, 54) 9 3 6 9 8 3 
275 (51, 56) (66, 58) (85, 57) (118, 53) (141, 57) (157, 57) 0 9 2 7 8 8 
276 (51, 50) (65, 52) (89, 49) (116, 49) (133, 46) (162, 49) 7 0 6 5 1 7 
277 (44, 48) (67, 46) (87, 47) (110, 48) (143, 51) (166, 54) 5 2 2 5 6 9 
278 (33, 58) (56, 57) (88, 61) (114, 61) (141, 59) (160, 59) 3 2 0 8 6 8 
279 (52, 50) (75, 49) (96, 53) (118, 52) (141, 48) (159, 51) 4 9 1 5 2 1 
280 (40, 50) (61, 47) (78, 47) (102, 48) (132, 48) (161, 49) 1 5 1 1 0 0 
281 (45, 57) (71, 56) (94, 56) (114, 55) (135, 52) (157, 50) 2 9 0 7 8 2 
282 (37, 52) (59, 53) (85, 53) (116, 52) (143, 49) (173, 55) 1 8 5 5 1 6 
283 (52, 56) (68, 56) (93, 53) (113, 52) (126, 55) (148, 51) 0 3 6 5 1 1 
284 (29, 50) (63, 47) (98, 45) (117, 42) (131, 41) (164, 44) 1 6 3 3 1 9 
285 (45, 44) (73, 47) (89, 41) (110, 42) (135, 44) (167, 49) 2 4 7 5 3 3 
286 (31, 52) (62, 57) (98, 58) (126, 60) (147, 57) (168, 58) 3 8 5 7 7 8 
287 (37, 50) (61, 53) (94, 53) (115, 54) (143, 51) (171, 53) 9 3 9 1 6 5 
288 (39, 57) (61, 58) (79, 56) (111, 57) (141, 56) (161, 58) 7 5 3 8 9 3 
289 (35, 50) (60, 51) (92, 54) (111, 56) (133, 55) (161, 56) 6 1 6 4 7 1 
290 (39, 63) (64, 55) (83, 53) (110, 60) (137, 60) (164, 56) 4 8 8 7 3 0 
291 (35, 63) (65, 58) (95, 55) (121, 57) (141, 58) (160, 58) 7 9 1 0 9 5 
292 (39, 59) (56, 61) (81, 60) (114, 56) (149, 59) (167, 61) 1 4 2 6 4 2 
293 (41, 65) (71, 61) (95, 66) (111, 66) (141, 64) (170, 61) 4 7 1 4 5 6 
294 (46, 52) (61, 54) (82, 54) (113, 55) (143, 57) (168, 57) 6 2 7 8 1 7 
295 (37, 60) (57, 59) (90, 60) (118, 60) (143, 56) (169, 60) 3 8 6 2 5 6 
296 (46, 59) (68, 57) (88, 58) (114, 57) (150, 60) (174, 57) 3 3 2 9 9 0 
297 (45, 66) (70, 66) (100, 61) (116, 61) (143, 58) (164, 57) 6 2 8 6 0 7 
298 (47, 53) (69, 56) (92, 59) (119, 55) (135, 55) (160, 58) 8 5 2 9 2 0 
299 (32, 53) (58, 52) (90, 53) (115, 54) (135, 54) (164, 56) 1 3 9 4 5 7 
300 (40, 51) (64, 53) (94, 52) (123, 49) (143, 53) (164, 57) 0 6 5 8 4 6 
301 (41, 53) (64, 50) (85, 48) (113, 52) (142, 55) (168, 50) 2 7 3 0 8 6 
302 (32, 57) (62, 64) (90, 66) (113, 62) (135, 60) (165, 59) 1 1 2 7 5 0 
303 (32, 58) (60, 64) (87, 61) (114, 60) (134, 58) (164, 58) 7 2 2 9 3 7 
304 (44, 47) (64, 44) (94, 43) (117, 46) (147, 46) (159, 46) 6 3 9 7 2 8 
305 (50, 50) (68, 48) (89, 46) (124, 42) (143, 40) (158, 41) 3 4 1 6 4 1 
306 (46, 60) (66, 59) (91, 56) (113, 55) (139, 56) (173, 62) 3 5 7 8 5 2 
307 (45, 44) (73, 48) (97, 52) (113, 54) (133, 54) (163, 58) 3 9 1 2 8 0 
308 (48, 47) (74, 49) (96, 49) (114, 47) (137, 47) (168, 51) 8 7 9 7 5 6 
309 (33, 60) (62, 64) (91, 66) (121, 65) (143, 65) (160, 64) 9 1 4 4 6 5 
310 (42, 57) (59, 56) (82, 56) (112, 57) (139, 54) (164, 49) 0 1 1 6 5 2 
311 (33, 48) (61, 50) (93, 53) (108, 53) (129, 54) (155, 59) 6 5 7 1 8 8 
312 (45, 47) (65, 43) (83, 46) (115, 47) (145, 45) (160, 47) 8 1 7 5 0 4 
313 (37, 53) (65, 53) (92, 56) (111, 58) (125, 58) (161, 59) 2 5 0 1 1 9 
314 (34, 47) (67, 46) (97, 41) (114, 44) (132, 44) (159, 46) 3 6 3 7 1 3 
315 (42, 48) (68, 47) (99, 48) (116, 50) (141, 54) (167, 55) 3 0 4 6 5 7 
316 (36, 54) (59, 52) (92, 49) (112, 48) (138, 52) (171, 48) 0 2 3 1 8 9 
317 (46, 51) (74, 50) (96, 53) (117, 55) (136, 52) (159, 55) 5 6 8 0 7 9 
318 (36, 48) (59, 51) (84, 48) (108, 54) (131, 52) (165, 51) 7 1 8 0 5 9 
319 (46, 53) (68, 54) (91, 51) (116, 51) (137, 51) (158, 49) 6 8 0 2 3 3 
320 (46, 45) (68, 46) (87, 45) (116, 48) (141, 48) (165, 50) 4 7 0 4 1 9 
321 (45, 46) (63, 50) (84, 50) (113, 51) (132, 51) (158, 57) 7 0 7 6 2 4 
322 (38, 42) (54, 42) (83, 45) (119, 43) (147, 43) (166, 44) 5 8 2 3 9 9 
323 (47, 57) (67, 61) (97, 62) (109, 61) (132, 64) (161, 60) 7 6 7 1 3 2 
324 (45, 53) (63, 55) (89, 56) (117, 55) (135, 55) (166, 60) 5 0 5 7 5 9 
325 (52, 57) (72, 57) (88, 57) (110, 55) (144, 54) (165, 53) 5 6 3 1 9 2 
326 (37, 63) (70, 61) (95, 62) (112, 59) (135, 59) (159, 53) 1 2 1 8 3 5 
327 (32, 48) (66, 48) (95, 48) (129, 48) (144, 46) (165, 45) 6 6 1 9 3 9 
328 (53, 48) (65, 48) (85, 50) (115, 45) (139, 47) (169, 48) 7 3 5 7 2 6 
329 (41, 53) (60, 51) (82, 50) (104, 54) (134, 52) (160, 47) 7 1 7 7 5 3 
330 (47, 52) (69, 52) (89, 53) (113, 49) (144, 47) (160, 52) 9 2 0 1 7 2 
331 (48, 44) (65, 42) (87, 43) (107, 41) (137, 48) (162, 52) 4 1 8 6 4 2 
332 (41, 45) (71, 46) (92, 47) (116, 49) (146, 50) (169, 49) 7 6 3 3 9 3 
333 (33, 58) (61, 63) (85, 64) (118, 62) (140, 63) (155, 60) 6 4 1 9 0 3 
334 (45, 52) (61, 54) (80, 51) (113, 55) (142, 55) (161, 56) 7 0 2 5 8 1 
335 (53, 58) (74, 58) (87, 59) (111, 58) (135, 56) (154, 52) 7 8 1 6 8 3 
336 (34, 54) (58, 57) (89, 57) (118, 55) (142, 57) (166, 54) 3 8 8 0 9 7 
337 (41, 42) (70, 42) (88, 44) (108, 42) (138, 45) (163, 49) 2 9 3 5 9 6 
338 (30, 53) (64, 59) (93, 60) (125, 56) (151, 54) (165, 56) 2 5 2 7 6 0 
339 (47, 55) (63, 51) (87, 50) (116, 55) (135, 53) (154, 51) 8 6 5 6 5 2 
340 (28, 56) (58, 52) (85, 50) (112, 49) (147, 55) (170, 52) 1 1 2 7 9 7 
341 (36, 45) (55, 44) (91, 45) (118, 47) (138, 45) (163, 43) 0 8 9 2 2 9 
342 (32, 43) (61, 46) (82, 46) (114, 47) (142, 49) (173, 51) 1 8 0 6 5 0 
343 (33, 44) (63, 49) (94, 49) (118, 47) (141, 47) (174, 49) 5 4 5 7 8 6 
344 (41, 47) (74, 47) (101, 46) (121, 44) (144, 47) (172, 47) 5 4 5 0 9 9 
345 (49, 55) (68, 55) (90, 56) (114, 55) (133, 53) (161, 56) 9 0 4 1 8 2 
346 (41, 44) (71, 48) (94, 49) (115, 45) (141, 47) (161, 49) 5 2 4 6 4 3 
347 (45, 44) (70, 50) (93, 49) (113, 51) (144, 52) (160, 54) 5 8 2 1 0 6 
348 (37, 47) (61, 45) (86, 49) (115, 49) (135, 51) (162, 48) 9 8 4 5 3 2 
349 (35, 55) (63, 57) (93, 59) (121, 59) (138, 58) (159, 55) 8 9 3 5 8 5 
350 (46, 49) (63, 50) (89, 51) (119, 47) (144, 51) (160, 52) 2 3 6 7 4 7 
351 (44, 50) (65, 47) (95, 45) (115, 47) (133, 45) (162, 46) 3 0 6 4 2 1 
352 (41, 55) (68, 53) (93, 54) (119, 51) (145, 56) (163, 53) 9 0 2 7 8 1 
353 (51, 53) (71, 52) (96, 50) (117, 52) (136, 49) (162, 45) 9 8 4 4 7 5 
354 (38, 51) (60, 50) (88, 48) (118, 51) (143, 52) (166, 46) 5 4 7 8 4 5 
355 (34, 55) (62, 58) (92, 60) (119, 61) (139, 60) (158, 63) 7 4 8 4 7 2 
356 (45, 47) (62, 49) (85, 51) (112, 46) (138, 48) (161, 49) 1 0 4 6 9 0 
357 (45, 50) (66, 49) (98, 45) (118, 47) (134, 44) (161, 41) 9 2 5 9 3 5 
358 (41, 54) (74, 58) (99, 63) (114, 58) (130, 56) (162, 58) 5 0 4 6 0 0 
359 (52, 45) (68, 42) (94, 41) (121, 41) (142, 39) (163, 39) 7 0 5 5 2 2 
360 (30, 44) (59, 43) (83, 42) (114, 46) (134, 40) (159, 37) 2 5 1 8 7 3 
361 (46, 41) (66, 41) (83, 45) (114, 42) (147, 42) (172, 46) 3 1 8 2 7 3 
362 (48, 64) (65, 63) (83, 66) (118, 63) (142, 67) (158, 67) 3 7 1 5 9 2 
363 (51, 63) (78, 63) (99, 62) (111, 59) (134, 55) (157, 52) 2 5 5 3 4 3 
364 (50, 44) (68, 41) (95, 38) (112, 43) (133, 43) (162, 40) 8 7 5 8 8 4 
365 (47, 50) (65, 47) (87, 47) (108, 49) (133, 51) (165, 47) 9 0 3 0 4 6 
366 (40, 58) (57, 60) (85, 59) (112, 58) (133, 59) (153, 58) 9 4 5 2 0 1 
367 (42, 46) (62, 47) (87, 49) (108, 52) (132, 49) (160, 48) 0 0 4 0 9 4 
368 (49, 44) (73, 46) (94, 45) (108, 45) (133, 49) (159, 52) 2 2 0 1 0 2 
369 (43, 54) (66, 51) (88, 52) (113, 54) (139, 55) (168, 49) 5 8 3 5 9 8 
370 (37, 51) (64, 54) (96, 57) (118, 56) (135, 56) (157, 62) 6 1 8 6 5 8 
371 (44, 56) (72, 57) (96, 53) (118, 54) (142, 55) (160, 54) 8 6 5 6 8 6 
372 (47, 56) (67, 55) (89, 56) (121, 52) (141, 52) (160, 60) 1 5 2 8 7 8 
373 (40, 54) (72, 53) (98, 50) (118, 50) (143, 56) (168, 52) 8 9 8 8 8 6 
374 (43, 44) (65, 46) (85, 47) (112, 49) (143, 47) (167, 46) 5 1 1 1 9 1 
375 (41, 60) (64, 59) (88, 56) (111, 55) (135, 56) (163, 53) 9 4 0 8 2 6 
376 (53, 62) (74, 63) (96, 60) (109, 63) (132, 58) (164, 54) 9 2 3 2 9 8 
377 (39, 55) (66, 57) (97, 62) (119, 61) (138, 61) (161, 61) 8 6 7 1 1 0 
378 (34, 53) (60, 57) (87, 57) (114, 55) (142, 51) (163, 55) 2 0 9 2 5 5 
379 (51, 61) (74, 61) (94, 56) (117, 56) (142, 57) (160, 55) 9 1 5 7 5 8 
380 (41, 50) (63, 52) (87, 53) (117, 49) (142, 46) (170, 54) 4 7 0 3 1 4 
381 (45, 60) (67, 60) (80, 59) (118, 61) (145, 61) (169, 60) 5 7 1 4 5 4 
382 (53, 52) (68, 53) (90, 52) (113, 48) (140, 56) (169, 61) 7 7 3 7 7 9 
383 (41, 43) (71, 49) (94, 44) (122, 46) (147, 49) (165, 51) 7 9 5 6 6 6 
384 (52, 56) (71, 56) (91, 53) (116, 53) (136, 57) (162, 56) 5 9 9 7 1 4 
385 (33, 47) (66, 50) (93, 52) (120, 50) (140, 51) (161, 55) 1 6 4 5 7 5 
386 (54, 43) (70, 44) (85, 45) (111, 46) (142, 47) (166, 53) 7 8 2 9 6 5 
387 (36, 46) (65, 44) (92, 46) (115, 46) (135, 44) (167, 41) 5 6 2 6 2 6 
388 (45, 61) (70, 59) (95, 58) (115, 58) (139, 55) (166, 53) 6 5 3 0 5 0 
389 (47, 46) (67, 45) (94, 44) (111, 43) (131, 47) (164, 50) 0 1 0 7 8 4 
390 (47, 46) (69, 47) (92, 50) (118, 49) (141, 48) (158, 51) 8 0 4 8 3 3 
391 (45, 50) (72, 50) (101, 52) (119, 49) (138, 53) (160, 56) 6 2 1 7 4 6 
392 (47, 54) (63, 55) (88, 58) (113, 57) (131, 52) (156, 50) 7 3 6 2 2 0 
394 (50, 50) (69, 47) (88, 47) (113, 51) (134, 52) (160, 45) 6 0 3 9 6 1 
395 (45, 45) (71, 45) (88, 46) (114, 46) (143, 47) (161, 48) 7 6 5 9 8 3 
396 (30, 47) (55, 44) (85, 44) (110, 46) (136, 46) (162, 43) 8 1 4 1 5 9 
397 (47, 47) (67, 49) (90, 47) (108, 46) (135, 53) (158, 54) 4 3 6 1 4 0 
398 (43, 60) (60, 55) (87, 55) (121, 54) (146, 56) (163, 51) 9 5 2 7 2 8 
399 (44, 47) (64, 51) (84, 53) (116, 46) (137, 47) (162, 53) 6 8 2 7 1 2 
400 (34, 46) (66, 52) (101, 55) (126, 61) (142, 58) (157, 58) 3 3 2 4 1 1 
401 (40, 62) (68, 66) (94, 65) (115, 64) (134, 65) (160, 68) 0 5 6 9 9 4 
402 (47, 61) (69, 61) (92, 66) (117, 64) (135, 63) (157, 67) 2 9 4 0 2 1 
403 (41, 48) (67, 47) (94, 52) (115, 48) (144, 48) (161, 50) 5 0 4 0 7 5 
405 (45, 54) (65, 55) (87, 54) (119, 49) (140, 52) (162, 58) 9 4 2 7 6 6 
406 (48, 49) (68, 45) (100, 42) (125, 41) (147, 42) (163, 44) 8 3 7 5 5 3 
407 (47, 48) (68, 47) (94, 44) (117, 43) (132, 45) (156, 44) 7 0 3 5 0 0 
408 (42, 55) (57, 53) (76, 51) (107, 54) (139, 55) (165, 54) 9 8 2 8 5 2 
409 (36, 48) (67, 51) (93, 55) (114, 52) (142, 51) (164, 52) 4 6 9 1 2 0 
410 (41, 58) (66, 55) (94, 53) (109, 52) (135, 54) (158, 51) 2 2 3 3 0 9 
411 (50, 54) (71, 54) (90, 53) (110, 52) (135, 52) (160, 46) 2 2 1 2 7 6 
412 (39, 49) (69, 51) (88, 50) (113, 49) (137, 47) (166, 52) 8 6 1 4 4 0 
413 (46, 56) (72, 52) (90, 48) (113, 51) (139, 54) (167, 49) 1 6 5 8 9 7 
414 (46, 48) (68, 50) (92, 51) (115, 50) (141, 52) (168, 58) 0 3 0 7 7 6 
415 (34, 48) (67, 51) (93, 44) (120, 47) (137, 44) (163, 44) 2 9 8 4 5 4 
416 (41, 47) (68, 47) (94, 47) (116, 49) (143, 48) (174, 50) 4 3 3 9 0 8 
417 (43, 46) (71, 49) (97, 47) (115, 46) (136, 49) (164, 50) 5 6 3 2 2 1 
418 (45, 42) (75, 45) (98, 45) (115, 42) (143, 47) (170, 49) 5 9 2 0 4 2 
419 (38, 55) (59, 57) (80, 56) (109, 53) (136, 53) (169, 58) 4 6 1 4 7 9 
420 (46, 51) (64, 51) (87, 48) (116, 48) (142, 49) (164, 50) 7 3 1 1 1 1 
421 (29, 47) (64, 54) (84, 54) (116, 53) (140, 55) (173, 54) 8 4 1 4 2 8 
422 (33, 48) (63, 49) (95, 47) (121, 46) (143, 47) (165, 47) 3 4 2 0 9 2 
423 (43, 48) (62, 46) (93, 43) (119, 42) (135, 41) (154, 41) 5 3 7 6 9 8 
424 (45, 42) (80, 46) (99, 45) (119, 43) (144, 44) (158, 44) 3 4 4 5 4 0 
425 (47, 56) (70, 57) (93, 55) (106, 53) (130, 54) (157, 52) 3 3 6 3 4 2 
426 (45, 48) (66, 48) (96, 43) (128, 42) (141, 43) (161, 40) 2 3 2 8 9 6 
427 (42, 51) (62, 52) (85, 52) (112, 53) (134, 53) (155, 57) 2 3 7 1 0 8 
428 (44, 58) (74, 60) (102, 53) (116, 55) (133, 51) (155, 47) 3 4 7 5 0 6 
429 (33, 49) (63, 49) (91, 43) (111, 47) (132, 47) (157, 50) 8 0 8 8 3 6 
430 (45, 52) (68, 53) (92, 54) (112, 53) (133, 53) (159, 61) 9 4 3 3 7 4 
431 (41, 51) (68, 52) (94, 54) (115, 54) (136, 55) (162, 58) 5 0 7 3 2 4 
432 (45, 53) (67, 52) (97, 45) (121, 44) (143, 45) (164, 46) 9 8 5 3 3 4 
433 (33, 49) (62, 44) (90, 45) (119, 48) (134, 48) (159, 43) 8 5 8 4 0 5 
434 (33, 47) (67, 45) (87, 47) (114, 47) (144, 43) (166, 47) 1 7 6 6 6 0 
435 (44, 46) (66, 46) (80, 46) (109, 47) (137, 47) (172, 51) 5 0 8 4 6 6 
436 (49, 48) (67, 52) (87, 49) (114, 53) (136, 53) (163, 52) 0 4 3 1 6 3 
437 (54, 50) (74, 50) (94, 52) (114, 52) (130, 51) (153, 57) 6 5 0 2 3 0 
438 (37, 42) (62, 41) (89, 45) (121, 45) (141, 42) (161, 41) 7 5 8 5 7 9 
439 (44, 54) (55, 57) (81, 58) (108, 52) (143, 50) (163, 51) 9 1 0 1 8 6 
440 (40, 43) (59, 48) (78, 47) (114, 46) (134, 44) (171, 52) 0 4 2 9 1 4 
441 (50, 59) (70, 56) (89, 53) (109, 55) (132, 55) (163, 49) 4 9 7 7 5 5 
442 (43, 55) (71, 56) (99, 51) (120, 54) (146, 51) (162, 50) 7 0 7 2 0 3 
443 (42, 47) (64, 45) (92, 45) (112, 41) (131, 43) (158, 44) 7 5 2 7 5 8 
444 (37, 60) (60, 57) (82, 53) (115, 58) (142, 59) (169, 51) 4 9 0 6 6 8 
445 (36, 56) (62, 56) (87, 53) (113, 55) (145, 57) (165, 53) 1 1 4 1 0 3 
446 (50, 57) (60, 56) (85, 57) (115, 57) (138, 59) (162, 59) 5 2 2 7 9 7 
447 (36, 49) (65, 49) (94, 51) (115, 48) (147, 49) (176, 48) 4 3 4 4 9 4 
448 (39, 44) (70, 46) (92, 44) (109, 45) (141, 43) (164, 45) 0 8 7 1 6 2 
449 (37, 48) (64, 47) (89, 48) (111, 47) (128, 46) (157, 44) 6 3 2 2 1 3 
450 (46, 45) (69, 45) (90, 49) (106, 50) (133, 50) (164, 52) 3 1 0 8 6 7 
451 (40, 46) (68, 44) (90, 43) (117, 44) (142, 41) (178, 48) 4 3 3 9 5 4 
452 (50, 60) (73, 60) (87, 60) (109, 58) (137, 59) (170, 58) 0 4 2 7 0 8 
453 (47, 58) (75, 55) (105, 53) (124, 54) (140, 55) (158, 53) 9 3 6 9 0 1 
454 (46, 49) (62, 48) (89, 47) (119, 48) (141, 48) (159, 47) 6 1 7 7 8 0 
455 (50, 49) (69, 46) (92, 47) (119, 44) (138, 45) (158, 44) 2 3 2 8 6 0 
456 (48, 54) (66, 55) (92, 58) (115, 57) (137, 54) (168, 57) 9 2 3 4 9 6 
457 (49, 51) (67, 48) (95, 46) (108, 48) (129, 48) (158, 47) 0 4 7 1 4 2 
458 (39, 51) (63, 50) (96, 45) (121, 44) (144, 46) (163, 46) 2 1 6 7 7 5 
459 (42, 45) (68, 50) (90, 52) (116, 49) (138, 52) (164, 58) 1 2 1 9 4 9 
460 (32, 52) (63, 55) (90, 53) (108, 52) (134, 55) (167, 57) 3 3 7 7 4 5 
461 (46, 42) (70, 43) (90, 47) (106, 44) (137, 49) (159, 48) 6 0 9 2 6 6 
463 (38, 61) (59, 62) (85, 63) (114, 64) (137, 59) (159, 61) 8 2 7 2 2 7 
464 (53, 45) (69, 43) (92, 44) (119, 46) (142, 46) (160, 46) 7 8 8 4 3 3 
465 (48, 51) (66, 52) (90, 48) (117, 47) (143, 49) (164, 49) 5 4 5 1 1 8 
466 (46, 51) (62, 50) (80, 49) (114, 46) (140, 47) (166, 51) 4 3 8 6 5 1 
467 (40, 50) (71, 54) (97, 55) (121, 53) (136, 53) (164, 55) 6 5 1 7 2 2 
468 (36, 58) (60, 53) (89, 52) (116, 51) (146, 55) (161, 54) 9 2 9 8 4 6 
469 (53, 50) (71, 47) (98, 48) (119, 43) (136, 47) (158, 43) 0 9 1 1 0 3 
470 (41, 46) (66, 48) (86, 49) (115, 49) (140, 51) (166, 54) 0 5 5 0 0 1 
471 (49, 48) (68, 47) (95, 44) (114, 45) (136, 46) (163, 42) 7 5 9 7 0 7 
472 (40, 56) (69, 57) (96, 51) (116, 54) (143, 56) (168, 55) 3 4 6 7 7 5 
473 (40, 58) (68, 55) (88, 54) (113, 55) (142, 55) (160, 55) 8 1 2 0 8 2 
474 (36, 60) (72, 60) (97, 61) (123, 64) (141, 61) (161, 55) 3 9 2 4 1 3 
475 (48, 47) (61, 48) (84, 51) (122, 51) (143, 50) (159, 50) 7 8 2 6 9 5 
476 (50, 65) (72, 60) (94, 59) (110, 59) (135, 59) (163, 53) 4 9 4 8 6 3 
477 (40, 45) (59, 45) (87, 44) (119, 44) (142, 45) (167, 42) 0 9 5 0 3 5 
478 (44, 48) (62, 50) (84, 52) (110, 52) (130, 53) (163, 52) 7 1 8 5 1 2 
479 (49, 53) (69, 55) (94, 48) (119, 46) (138, 48) (156, 46) 8 8 9 8 4 3 
480 (33, 52) (64, 50) (88, 49) (112, 48) (135, 50) (167, 49) 7 8 1 2 3 9 
481 (42, 52) (65, 55) (90, 56) (121, 50) (141, 53) (165, 56) 2 2 0 7 7 1 
482 (53, 49) (70, 47) (92, 46) (110, 45) (134, 43) (157, 40) 4 1 0 9 6 7 
483 (29, 56) (62, 59) (91, 62) (120, 59) (139, 59) (165, 65) 8 0 9 6 7 6 
484 (33, 57) (59, 58) (93, 58) (123, 57) (146, 58) (164, 61) 2 5 6 5 8 8 
485 (41, 57) (69, 51) (95, 50) (118, 53) (142, 53) (164, 50) 9 9 6 2 5 8 
486 (42, 56) (74, 59) (96, 58) (109, 55) (135, 56) (158, 55) 8 9 9 0 6 2 
487 (43, 57) (68, 57) (93, 61) (124, 63) (142, 64) (159, 65) 0 6 3 9 6 1 
488 (49, 49) (63, 47) (85, 49) (113, 46) (137, 50) (170, 55) 0 1 5 6 4 6 
489 (47, 56) (72, 54) (101, 52) (119, 50) (142, 52) (170, 50) 5 6 9 6 0 7 
490 (36, 53) (60, 51) (86, 50) (118, 55) (139, 56) (162, 54) 9 3 6 9 8 1 
491 (39, 53) (65, 54) (94, 53) (111, 53) (132, 51) (165, 49) 5 2 9 4 5 3 
492 (34, 54) (70, 58) (97, 61) (115, 58) (139, 57) (168, 60) 2 6 2 2 4 5 
493 (46, 42) (75, 41) (97, 45) (117, 43) (140, 42) (170, 47) 0 6 8 5 8 2 
494 (46, 53) (69, 51) (97, 48) (111, 51) (135, 51) (165, 44) 4 3 7 5 3 2 
495 (49, 61) (66, 62) (87, 61) (109, 59) (129, 57) (164, 65) 6 7 8 9 3 8 
496 (40, 48) (69, 48) (96, 50) (111, 45) (138, 51) (169, 53) 9 0 8 7 3 1 
497 (39, 52) (57, 49) (80, 50) (119, 54) (140, 50) (166, 47) 0 8 1 4 0 5 
498 (44, 57) (69, 53) (91, 51) (112, 48) (136, 53) (164, 52) 1 5 9 7 3 8 
499 (43, 58) (72, 58) (100, 57) (117, 58) (139, 58) (167, 55) 5 5 9 1 3 1 
500 (43, 47) (63, 45) (93, 45) (117, 46) (134, 47) (157, 45) 0 4 6 5 3 1 
501 (49, 53) (72, 52) (93, 55) (114, 52) (132, 54) (157, 57) 8 6 9 7 1 8 
502 (41, 63) (66, 61) (82, 60) (114, 62) (140, 61) (160, 56) 2 4 2 9 9 7 
503 (42, 53) (64, 55) (90, 55) (120, 56) (142, 56) (165, 55) 9 5 7 9 1 5 
504 (42, 51) (70, 51) (98, 55) (120, 54) (144, 52) (168, 56) 2 9 2 3 9 2 
505 (41, 56) (68, 52) (89, 53) (112, 55) (139, 53) (164, 47) 3 8 3 6 9 3 
506 (48, 59) (73, 59) (95, 59) (108, 59) (132, 53) (157, 52) 8 5 8 1 8 7 
507 (41, 56) (66, 56) (88, 54) (112, 56) (139, 58) (170, 53) 0 2 4 3 4 2 
508 (36, 51) (68, 45) (96, 41) (125, 42) (147, 43) (163, 43) 6 6 5 0 9 3 
509 (33, 58) (56, 60) (85, 57) (113, 59) (134, 58) (163, 61) 0 8 8 2 2 1 
510 (42, 50) (61, 51) (87, 50) (110, 51) (130, 50) (161, 44) 6 2 5 4 1 8 
511 (35, 47) (65, 45) (92, 43) (114, 44) (131, 47) (161, 46) 3 7 0 1 4 8 
512 (47, 46) (76, 50) (97, 49) (122, 48) (148, 46) (161, 48) 7 0 2 5 7 3 
513 (51, 49) (64, 48) (89, 45) (116, 50) (143, 51) (167, 48) 7 1 6 4 2 2 
514 (47, 54) (62, 53) (92, 59) (118, 55) (140, 53) (159, 51) 5 4 4 6 9 7 
515 (35, 49) (68, 44) (97, 45) (117, 46) (132, 50) (163, 44) 2 5 3 6 1 8 
516 (41, 55) (64, 52) (90, 47) (113, 49) (131, 51) (159, 49) 6 7 5 6 1 6 
517 (35, 48) (65, 51) (85, 53) (105, 51) (134, 47) (166, 56) 2 8 1 1 6 6 
518 (30, 52) (59, 50) (96, 47) (120, 48) (143, 48) (164, 47) 6 8 9 2 4 5 
519 (39, 50) (68, 53) (95, 54) (112, 50) (135, 55) (161, 62) 3 5 7 5 6 5 
520 (39, 57) (59, 58) (89, 55) (118, 58) (139, 55) (165, 58) 2 2 5 4 9 4 
521 (37, 50) (63, 47) (94, 46) (122, 49) (139, 49) (166, 42) 1 3 6 8 8 6 
522 (45, 57) (59, 58) (81, 56) (111, 58) (142, 59) (168, 53) 2 2 8 3 9 5 
523 (33, 51) (67, 50) (92, 46) (112, 48) (127, 49) (158, 46) 2 9 0 9 8 3 
524 (35, 47) (74, 52) (99, 49) (119, 52) (141, 51) (159, 53) 1 4 7 8 2 8 
525 (40, 55) (70, 57) (96, 56) (120, 52) (143, 56) (161, 55) 4 9 1 6 4 1 
526 (43, 51) (63, 55) (84, 56) (107, 51) (133, 51) (170, 54) 3 4 9 1 1 9 
527 (46, 55) (65, 54) (86, 57) (109, 59) (140, 53) (179, 53) 5 7 0 1 8 4 
528 (46, 54) (66, 57) (92, 62) (121, 58) (144, 58) (160, 58) 3 5 4 6 1 5 
529 (45, 50) (68, 48) (85, 50) (112, 44) (154, 45) (177, 47) 4 9 9 8 6 5 
530 (45, 57) (68, 52) (90, 49) (118, 56) (143, 54) (162, 54) 5 7 8 4 2 1 
531 (43, 52) (65, 47) (88, 49) (113, 52) (132, 53) (163, 55) 5 8 7 3 1 4 
532 (36, 51) (65, 51) (93, 52) (113, 53) (134, 54) (169, 56) 3 8 8 7 3 2 
533 (51, 46) (73, 47) (94, 44) (115, 48) (134, 49) (162, 56) 0 0 5 6 5 3 
534 (48, 49) (70, 47) (89, 48) (115, 52) (139, 49) (164, 51) 5 6 7 8 7 4 
535 (48, 53) (68, 55) (98, 51) (120, 53) (135, 54) (161, 53) 3 1 9 9 5 4 
536 (44, 46) (72, 44) (99, 45) (113, 47) (133, 47) (166, 46) 3 0 7 4 3 7 
537 (39, 54) (62, 47) (87, 51) (114, 50) (146, 51) (170, 49) 3 8 4 8 0 9 
538 (38, 57) (64, 58) (95, 59) (121, 63) (137, 62) (159, 62) 0 2 0 3 3 0 
539 (37, 47) (67, 47) (97, 43) (117, 46) (142, 49) (162, 50) 5 8 7 6 4 5 
540 (41, 51) (71, 50) (99, 53) (113, 53) (139, 55) (167, 56) 6 5 5 6 6 9 
541 (45, 51) (62, 48) (86, 49) (112, 47) (140, 48) (166, 51) 4 2 8 1 1 4 
543 (32, 48) (60, 48) (95, 47) (120, 46) (142, 47) (166, 47) 7 5 9 1 0 6 
544 (45, 45) (73, 48) (92, 48) (113, 50) (141, 51) (169, 54) 9 6 0 4 0 1 
545 (46, 47) (70, 49) (92, 53) (117, 51) (142, 49) (170, 52) 4 6 9 9 7 7 
546 (46, 42) (73, 47) (91, 47) (111, 46) (139, 47) (164, 49) 6 6 2 2 9 8 
547 (48, 43) (75, 42) (97, 43) (115, 43) (135, 41) (159, 47) 0 9 9 9 3 1 
548 (49, 52) (68, 54) (94, 58) (122, 63) (142, 61) (159, 61) 9 3 4 9 9 3 
549 (47, 46) (61, 43) (83, 46) (116, 47) (142, 49) (168, 45) 4 7 5 3 1 5 
550 (40, 56) (64, 52) (88, 54) (107, 55) (133, 50) (162, 48) 4 6 0 3 8 0 
551 (45, 51) (61, 49) (91, 46) (109, 47) (130, 47) (162, 45) 2 8 7 8 0 5 
552 (47, 53) (71, 54) (88, 52) (119, 52) (146, 49) (161, 52) 0 9 3 6 7 2 
553 (44, 63) (66, 58) (97, 58) (119, 58) (145, 61) (165, 61) 8 1 3 6 2 1 
554 (41, 43) (69, 45) (92, 43) (109, 40) (138, 44) (160, 43) 1 1 2 6 6 1 
555 (40, 50) (63, 50) (95, 55) (115, 56) (138, 54) (167, 61) 1 7 5 2 6 5 
556 (35, 47) (60, 47) (87, 46) (122, 45) (144, 44) (167, 43) 1 9 1 5 0 6 
557 (35, 46) (55, 45) (83, 45) (119, 45) (143, 45) (157, 44) 2 2 8 7 5 3 
558 (34, 52) (64, 48) (85, 51) (104, 51) (134, 50) (164, 48) 6 5 4 3 5 0 
559 (42, 54) (62, 52) (89, 52) (112, 56) (138, 53) (171, 51) 3 7 6 3 7 4 
560 (44, 51) (65, 52) (87, 50) (114, 52) (145, 53) (168, 49) 7 7 4 4 9 3 
561 (42, 46) (73, 52) (97, 53) (119, 53) (142, 50) (162, 54) 3 7 3 8 8 1 
562 (47, 63) (75, 59) (99, 59) (120, 60) (142, 57) (165, 53) 9 5 1 6 3 7 
563 (43, 44) (71, 46) (90, 45) (110, 48) (137, 51) (162, 51) 6 6 0 4 6 6 
564 (52, 48) (74, 47) (98, 45) (116, 44) (131, 44) (155, 40) 8 9 8 4 3 5 
565 (42, 43) (68, 44) (88, 46) (111, 44) (140, 43) (166, 49) 8 1 9 5 7 5 
566 (49, 50) (70, 48) (91, 47) (109, 48) (134, 47) (165, 46) 6 8 5 6 9 0 
567 (44, 60) (65, 54) (80, 53) (110, 60) (136, 57) (164, 55) 4 3 5 3 2 3 
568 (50, 48) (70, 45) (89, 49) (111, 48) (136, 48) (174, 49) 4 8 1 5 6 7 
569 (45, 42) (61, 42) (86, 43) (119, 46) (138, 46) (157, 44) 5 0 3 7 4 0 
570 (53, 45) (74, 46) (89, 46) (113, 45) (144, 45) (159, 46) 4 2 7 3 4 6 
572 (34, 52) (70, 55) (96, 54) (123, 53) (144, 51) (163, 52) 2 0 9 6 3 5 
573 (50, 52) (73, 51) (98, 49) (120, 50) (138, 52) (163, 46) 3 3 1 9 9 9 
574 (34, 50) (65, 50) (89, 47) (117, 48) (141, 45) (158, 44) 3 8 2 1 0 3 
575 (31, 55) (64, 56) (93, 55) (111, 60) (138, 62) (163, 63) 2 0 7 2 9 0 
576 (41, 50) (60, 51) (87, 47) (122, 47) (146, 48) (169, 50) 8 5 6 3 5 1 
577 (46, 61) (60, 64) (81, 60) (109, 62) (142, 62) (159, 63) 9 6 7 1 7 2 
578 (44, 46) (67, 49) (97, 54) (120, 53) (145, 52) (162, 53) 3 0 4 9 5 1 
579 (41, 55) (60, 55) (86, 56) (115, 55) (143, 55) (162, 59) 2 3 6 1 5 4 
580 (35, 57) (62, 60) (87, 60) (111, 60) (132, 55) (167, 59) 0 0 5 6 7 0 
581 (44, 63) (64, 60) (89, 60) (113, 60) (143, 61) (159, 61) 2 1 6 2 7 1 
582 (39, 44) (66, 43) (90, 45) (112, 43) (136, 41) (158, 44) 5 9 8 2 5 2 
583 (46, 44) (68, 48) (81, 49) (114, 48) (143, 45) (167, 51) 7 5 1 3 3 6 
584 (40, 46) (71, 46) (95, 44) (117, 45) (141, 48) (161, 46) 7 2 3 5 9 4 
585 (41, 46) (75, 47) (90, 49) (115, 45) (140, 46) (161, 49) 3 4 0 6 7 2 
586 (39, 56) (64, 58) (88, 57) (111, 53) (133, 53) (165, 57) 5 6 5 3 2 8 
587 (48, 61) (68, 63) (84, 59) (110, 60) (140, 60) (161, 60) 5 1 8 6 5 1 
588 (31, 55) (54, 51) (79, 50) (112, 55) (140, 54) (167, 51) 9 3 7 8 0 6 
589 (42, 59) (69, 61) (91, 57) (107, 60) (136, 56) (167, 53) 9 0 8 4 9 2 
590 (47, 45) (72, 45) (98, 48) (116, 48) (140, 47) (164, 50) 2 0 2 1 3 9 
591 (51, 58) (69, 61) (92, 61) (122, 62) (141, 60) (164, 64) 6 0 8 9 9 5 
592 (42, 61) (69, 59) (89, 57) (111, 57) (145, 58) (178, 59) 9 9 7 8 6 3 
593 (49, 44) (76, 43) (102, 46) (116, 46) (139, 42) (167, 43) 9 3 6 3 5 1 
594 (46, 57) (74, 56) (95, 53) (124, 53) (147, 57) (162, 53) 6 2 1 8 8 9 
595 (45, 46) (69, 44) (89, 46) (117, 43) (137, 45) (160, 50) 2 6 8 5 1 7 
596 (38, 63) (69, 62) (89, 60) (106, 63) (136, 58) (157, 55) 1 6 3 1 7 5 
597 (54, 47) (67, 46) (83, 49) (109, 46) (134, 48) (164, 54) 6 0 8 1 6 9 
598 (36, 43) (67, 45) (101, 48) (117, 46) (135, 46) (162, 46) 7 0 4 2 0 9 
599 (35, 43) (67, 46) (96, 47) (115, 49) (145, 43) (169, 46) 1 6 6 1 6 5 
600 (42, 46) (72, 45) (89, 47) (111, 46) (139, 49) (160, 49) 3 5 3 4 9 1 
601 (41, 55) (60, 56) (86, 62) (112, 59) (138, 59) (161, 60) 3 4 4 3 5 1 
602 (47, 47) (68, 49) (83, 49) (113, 49) (141, 49) (162, 49) 4 4 0 7 2 8 
603 (42, 58) (64, 59) (90, 56) (115, 51) (135, 54) (164, 58) 2 9 6 8 1 1 
604 (54, 54) (73, 54) (93, 58) (115, 58) (141, 56) (171, 57) 5 7 2 1 5 9 
605 (40, 47) (63, 49) (94, 47) (113, 46) (132, 48) (165, 45) 3 0 8 2 8 6 
606 (40, 60) (71, 58) (89, 59) (115, 61) (146, 59) (170, 59) 6 9 4 9 2 8 
607 (45, 40) (56, 38) (81, 42) (116, 42) (140, 44) (158, 42) 1 3 1 6 4 2 
608 (49, 46) (65, 45) (89, 43) (113, 42) (134, 44) (157, 45) 9 5 7 5 0 8 
609 (42, 53) (74, 58) (102, 60) (126, 59) (144, 60) (159, 62) 0 4 7 5 4 4 
610 (39, 42) (63, 46) (86, 46) (106, 46) (130, 48) (155, 53) 8 5 3 1 2 3 
611 (34, 57) (60, 59) (90, 61) (117, 61) (138, 59) (166, 61) 0 2 2 7 2 1 
612 (45, 45) (65, 45) (78, 46) (105, 47) (141, 43) (171, 42) 7 7 1 1 3 9 
613 (53, 54) (70, 58) (93, 63) (117, 64) (135, 60) (158, 61) 7 8 9 7 7 0 
614 (42, 42) (69, 42) (96, 44) (112, 47) (134, 49) (158, 55) 2 0 4 6 8 3 
615 (39, 58) (64, 56) (87, 53) (112, 55) (140, 58) (169, 52) 3 4 6 2 4 8 
616 (43, 48) (65, 43) (99, 44) (123, 42) (139, 44) (158, 41) 4 9 7 7 5 4 
617 (48, 44) (69, 44) (83, 44) (108, 42) (137, 43) (158, 48) 2 4 0 3 4 8 
618 (42, 52) (68, 50) (95, 49) (121, 52) (135, 49) (161, 49) 8 5 8 9 0 9 
619 (49, 57) (71, 59) (92, 58) (109, 56) (128, 58) (158, 61) 1 7 8 3 0 4 
620 (45, 49) (63, 47) (84, 47) (111, 51) (145, 48) (162, 48) 3 0 3 1 4 1 
621 (36, 49) (69, 47) (99, 49) (122, 49) (137, 52) (160, 48) 3 3 2 1 3 1 
622 (38, 52) (57, 55) (83, 57) (115, 54) (143, 56) (163, 57) 1 1 0 0 0 5 
623 (37, 45) (60, 44) (90, 44) (123, 43) (147, 47) (167, 48) 2 5 3 3 4 4 
624 (45, 60) (63, 59) (82, 55) (114, 57) (141, 56) (167, 50) 0 1 3 8 6 8 
625 (55, 52) (75, 53) (95, 53) (119, 52) (142, 53) (160, 53) 7 8 4 9 0 1 
626 (50, 52) (74, 53) (97, 54) (112, 53) (130, 56) (166, 60) 0 4 9 3 2 6 
627 (33, 48) (56, 46) (87, 47) (119, 48) (143, 45) (162, 48) 3 2 4 7 0 8 
628 (38, 47) (73, 50) (96, 49) (111, 45) (138, 49) (165, 53) 8 4 4 1 4 1 
629 (41, 46) (65, 45) (96, 50) (116, 44) (138, 50) (162, 56) 2 1 8 5 5 9 
630 (31, 63) (63, 60) (95, 56) (119, 57) (137, 57) (168, 53) 3 4 9 9 4 6 
631 (48, 56) (64, 59) (84, 58) (109, 58) (136, 57) (156, 57) 0 9 9 1 3 2 
632 (46, 57) (72, 57) (101, 58) (120, 56) (137, 56) (159, 51) 0 5 2 5 0 6 
633 (51, 53) (73, 53) (92, 52) (109, 53) (131, 54) (163, 60) 2 7 2 4 5 3 
634 (43, 40) (74, 43) (102, 42) (117, 41) (137, 41) (162, 45) 8 0 8 6 0 1 
635 (46, 42) (71, 41) (89, 43) (111, 42) (138, 45) (165, 49) 3 1 7 1 2 7 
636 (38, 57) (72, 55) (94, 52) (113, 54) (137, 51) (157, 49) 1 4 6 5 9 1 
637 (46, 44) (68, 43) (86, 46) (116, 42) (144, 46) (170, 49) 2 3 1 5 6 8 
638 (40, 47) (60, 46) (91, 44) (120, 41) (137, 44) (160, 44) 0 2 1 1 4 7 
639 (49, 45) (71, 46) (93, 45) (112, 46) (134, 47) (159, 44) 6 4 7 5 6 0 
640 (38, 46) (67, 48) (84, 47) (110, 47) (136, 46) (165, 51) 1 8 6 6 1 0 
641 (32, 50) (61, 45) (90, 45) (113, 43) (137, 47) (160, 44) 8 7 9 1 6 0 
642 (47, 44) (75, 44) (101, 46) (117, 47) (137, 49) (154, 52) 5 1 9 8 8 0 
643 (39, 49) (59, 46) (90, 43) (123, 44) (143, 43) (169, 45) 1 9 8 7 0 9 
643 (37, 46) (60, 46) (89, 46) (118, 43) (143, 43) (166, 45) 1 9 8 7 0 9 
644 (53, 64) (75, 63) (94, 65) (108, 64) (133, 62) (163, 57) 0 4 5 7 2 3 
645 (43, 54) (60, 57) (86, 58) (114, 56) (140, 53) (169, 56) 4 2 2 2 3 6 
646 (29, 51) (63, 55) (91, 57) (116, 56) (135, 56) (157, 60) 1 8 7 6 4 4 
647 (44, 44) (67, 47) (82, 44) (114, 45) (140, 48) (171, 50) 0 7 7 0 1 3 
648 (48, 48) (73, 44) (95, 40) (115, 43) (131, 44) (159, 39) 1 6 9 8 5 8 
649 (32, 50) (61, 51) (92, 48) (117, 48) (139, 49) (160, 49) 3 0 6 1 9 8 
650 (45, 61) (60, 61) (82, 64) (117, 63) (142, 62) (159, 63) 4 4 2 4 1 1 
651 (38, 58) (64, 58) (91, 58) (121, 58) (145, 61) (171, 59) 4 9 9 7 7 5 
652 (41, 57) (73, 54) (95, 52) (118, 52) (146, 54) (160, 51) 6 6 9 3 9 8 
653 (43, 51) (64, 56) (86, 55) (118, 50) (139, 53) (168, 54) 2 7 3 0 4 7 
654 (35, 51) (62, 52) (95, 57) (122, 57) (146, 53) (166, 59) 4 7 9 2 8 4 
655 (47, 54) (64, 51) (84, 52) (111, 56) (140, 57) (164, 49) 8 6 5 4 2 2 
656 (45, 54) (65, 53) (88, 52) (109, 49) (137, 50) (166, 59) 2 3 5 3 0 9 
657 (38, 48) (67, 44) (97, 44) (117, 44) (138, 44) (161, 40) 9 3 7 2 9 5 
658 (44, 60) (69, 56) (95, 53) (113, 55) (137, 55) (170, 51) 8 6 6 1 3 3 
659 (37, 53) (61, 51) (87, 52) (116, 51) (144, 51) (165, 46) 9 8 4 5 9 3 
660 (31, 50) (65, 45) (95, 44) (124, 46) (147, 47) (161, 47) 1 7 6 5 9 3 
661 (37, 47) (65, 49) (96, 52) (117, 50) (132, 51) (157, 52) 0 3 5 9 1 6 
662 (44, 50) (64, 48) (89, 49) (120, 50) (139, 50) (160, 49) 3 0 2 9 0 2 
663 (37, 56) (62, 55) (87, 54) (109, 55) (136, 52) (164, 51) 2 0 2 5 5 9 
664 (50, 50) (65, 52) (84, 53) (114, 51) (138, 48) (162, 50) 7 8 8 8 1 2 
665 (45, 44) (70, 43) (88, 44) (109, 44) (139, 47) (168, 51) 6 5 1 0 2 7 
666 (47, 53) (62, 53) (84, 55) (116, 57) (142, 60) (164, 57) 0 3 0 8 2 5 
667 (38, 48) (60, 46) (95, 44) (116, 44) (127, 45) (157, 43) 5 1 2 8 1 5 
668 (45, 53) (72, 52) (101, 57) (117, 53) (136, 56) (164, 60) 0 5 4 5 7 1 
669 (47, 48) (69, 46) (91, 49) (119, 48) (144, 48) (159, 50) 4 5 8 3 1 2 
670 (46, 57) (65, 55) (87, 53) (108, 56) (133, 55) (164, 47) 1 0 8 7 2 1 
671 (50, 49) (69, 51) (86, 54) (116, 50) (139, 49) (167, 53) 6 5 1 6 7 7 
672 (45, 48) (70, 49) (95, 51) (114, 49) (140, 50) (172, 56) 4 5 8 5 3 8 
673 (49, 49) (68, 52) (90, 50) (112, 54) (138, 50) (165, 55) 6 4 5 1 9 1 
674 (40, 49) (63, 49) (89, 49) (113, 46) (138, 49) (167, 53) 8 7 6 6 3 8 
675 (50, 55) (65, 56) (84, 57) (115, 53) (142, 53) (157, 48) 9 9 4 3 7 3 
676 (49, 56) (62, 52) (84, 51) (112, 52) (142, 52) (166, 45) 4 1 5 1 3 8 
677 (43, 54) (59, 53) (87, 54) (112, 54) (136, 53) (165, 49) 7 1 6 6 8 0 
678 (43, 44) (62, 44) (86, 46) (114, 43) (146, 43) (170, 47) 1 5 9 1 4 2 
679 (39, 46) (67, 46) (99, 47) (117, 45) (140, 45) (167, 50) 1 3 6 2 8 3 
680 (44, 47) (65, 49) (96, 49) (112, 46) (129, 47) (156, 42) 2 1 4 2 8 3 
681 (34, 51) (66, 47) (95, 47) (114, 46) (133, 51) (165, 47) 5 8 9 7 8 6 
682 (36, 49) (57, 51) (87, 53) (113, 51) (137, 53) (166, 56) 1 5 9 2 3 6 
683 (54, 51) (67, 50) (86, 50) (108, 52) (136, 48) (158, 47) 6 1 8 1 6 4 
684 (39, 48) (68, 47) (94, 44) (112, 45) (142, 45) (171, 45) 4 5 5 1 2 3 
685 (32, 56) (58, 53) (86, 53) (112, 52) (137, 50) (165, 49) 6 4 9 3 5 7 
686 (44, 41) (71, 42) (90, 42) (114, 42) (139, 44) (166, 47) 3 4 1 6 0 2 
687 (45, 49) (65, 45) (93, 44) (123, 46) (143, 47) (161, 44) 8 6 7 9 4 2 
688 (43, 60) (60, 58) (82, 53) (111, 59) (135, 61) (166, 55) 4 2 8 8 0 0 
689 (51, 60) (69, 62) (84, 60) (108, 60) (139, 57) (175, 53) 5 1 0 5 3 6 
690 (45, 48) (68, 49) (89, 51) (114, 50) (137, 50) (158, 56) 7 6 8 0 3 6 
691 (39, 42) (66, 48) (92, 48) (111, 47) (131, 48) (160, 53) 6 9 7 8 2 6 
692 (42, 57) (66, 59) (95, 61) (111, 63) (133, 63) (160, 66) 1 2 7 1 6 8 
693 (44, 55) (60, 56) (87, 59) (107, 54) (134, 56) (164, 58) 9 1 0 3 6 3 
694 (39, 44) (62, 45) (94, 44) (115, 48) (136, 48) (160, 45) 5 3 9 3 6 8 
695 (41, 57) (62, 53) (83, 53) (115, 52) (147, 52) (164, 51) 5 3 4 7 8 6 
696 (49, 55) (75, 56) (99, 54) (120, 53) (140, 54) (162, 50) 6 6 7 6 2 2 
697 (38, 59) (55, 61) (83, 64) (115, 59) (137, 61) (164, 68) 6 8 8 5 9 4 
698 (45, 46) (65, 47) (85, 48) (108, 49) (138, 47) (166, 51) 7 3 7 8 9 6 
699 (42, 51) (59, 51) (89, 44) (117, 46) (144, 46) (163, 45) 9 2 9 4 6 8 
700 (38, 51) (57, 48) (84, 52) (116, 47) (145, 46) (166, 47) 0 5 8 3 3 3 
701 (39, 52) (69, 58) (88, 57) (112, 57) (136, 57) (158, 58) 7 9 3 4 9 8 
702 (47, 51) (64, 51) (86, 47) (122, 46) (140, 46) (158, 45) 4 4 2 7 1 8 
703 (49, 57) (60, 54) (80, 55) (115, 52) (148, 51) (168, 57) 0 8 2 6 9 2 
704 (47, 44) (77, 40) (98, 42) (108, 42) (139, 44) (167, 49) 4 6 8 1 7 0 
705 (48, 62) (74, 60) (98, 59) (118, 57) (144, 60) (161, 57) 9 7 7 5 0 1 
706 (48, 49) (69, 46) (92, 41) (124, 41) (139, 41) (156, 39) 2 9 6 6 5 2 
708 (44, 47) (72, 45) (95, 44) (113, 48) (135, 44) (166, 49) 2 9 7 3 3 4 
709 (40, 42) (66, 43) (95, 47) (116, 44) (139, 48) (166, 51) 5 5 6 7 2 7 
710 (39, 54) (65, 56) (93, 57) (113, 53) (136, 54) (163, 59) 6 5 9 5 7 2 
711 (40, 46) (66, 49) (88, 51) (121, 51) (144, 48) (160, 50) 8 4 8 9 4 2 
712 (46, 58) (62, 56) (92, 61) (122, 61) (145, 60) (164, 63) 0 3 2 0 3 0 
713 (47, 51) (63, 51) (87, 52) (112, 51) (131, 52) (161, 54) 4 3 6 7 0 2 
714 (36, 48) (64, 54) (88, 54) (115, 51) (140, 52) (165, 54) 4 4 0 5 0 7 
715 (43, 55) (67, 55) (93, 58) (112, 54) (132, 52) (161, 58) 0 3 2 3 5 2 
716 (40, 59) (59, 61) (87, 64) (111, 61) (144, 59) (164, 61) 1 5 4 5 7 9 
717 (53, 56) (69, 51) (87, 52) (115, 53) (146, 55) (166, 57) 4 3 4 8 6 1 
718 (47, 50) (69, 51) (94, 58) (119, 60) (138, 58) (156, 59) 6 6 0 4 4 7 
719 (50, 45) (74, 44) (92, 44) (113, 43) (139, 47) (164, 51) 8 8 5 5 6 5 
720 (35, 49) (60, 49) (93, 45) (121, 41) (142, 45) (160, 41) 9 1 8 5 3 7 
721 (44, 53) (69, 54) (94, 57) (115, 51) (138, 49) (167, 53) 4 0 4 7 3 0 
722 (38, 49) (64, 52) (84, 52) (116, 51) (145, 51) (176, 54) 4 5 5 0 0 4 
723 (42, 46) (76, 50) (96, 48) (118, 48) (138, 49) (162, 52) 0 6 3 8 2 2 
724 (51, 48) (65, 49) (94, 46) (119, 48) (135, 48) (157, 45) 7 1 8 0 1 5 
726 (50, 57) (63, 58) (82, 59) (103, 54) (126, 55) (163, 57) 6 2 1 1 2 2 
727 (39, 56) (67, 58) (92, 58) (117, 55) (138, 56) (165, 60) 7 9 2 2 0 6 
728 (37, 50) (64, 49) (92, 49) (119, 52) (141, 52) (165, 48) 9 4 6 7 5 7 
729 (51, 46) (72, 46) (90, 46) (119, 44) (146, 46) (165, 48) 4 9 9 0 4 1 
730 (40, 56) (67, 57) (96, 61) (118, 60) (147, 55) (169, 58) 2 8 9 2 5 6 
731 (34, 57) (58, 59) (83, 58) (112, 54) (135, 54) (166, 58) 7 7 8 7 0 1 
732 (46, 45) (59, 44) (89, 40) (121, 44) (137, 41) (157, 39) 8 3 7 4 0 0 
733 (36, 49) (60, 45) (86, 44) (110, 47) (140, 48) (158, 48) 4 2 3 1 1 1 
734 (46, 49) (61, 49) (80, 51) (112, 46) (138, 46) (165, 53) 9 5 8 8 8 5 
735 (43, 51) (63, 52) (85, 55) (113, 51) (143, 49) (166, 52) 6 9 9 8 9 5 
736 (45, 48) (72, 52) (88, 49) (113, 48) (135, 50) (158, 54) 9 9 2 0 1 5 
737 (43, 61) (63, 58) (79, 53) (110, 57) (136, 59) (166, 52) 1 3 3 4 2 3 
738 (39, 53) (69, 55) (94, 50) (121, 47) (143, 49) (165, 46) 3 4 0 8 5 7 
739 (36, 44) (69, 50) (91, 50) (109, 46) (136, 47) (164, 48) 1 4 9 8 4 5 
740 (40, 52) (67, 56) (90, 52) (110, 52) (137, 56) (164, 59) 2 4 7 5 0 2 
741 (32, 50) (54, 56) (85, 57) (114, 54) (147, 57) (165, 56) 8 1 9 2 9 4 
742 (41, 59) (60, 54) (84, 56) (109, 59) (140, 61) (160, 57) 9 3 4 2 7 1 
743 (48, 51) (65, 48) (82, 50) (114, 52) (140, 54) (159, 50) 1 7 0 9 6 7 
744 (38, 46) (71, 45) (96, 44) (119, 46) (147, 45) (165, 49) 3 5 7 9 6 9 
745 (42, 54) (70, 53) (95, 50) (115, 54) (141, 56) (162, 53) 9 0 9 0 9 8 
746 (46, 46) (72, 41) (96, 40) (110, 41) (138, 43) (170, 46) 4 5 1 8 5 8 
747 (39, 55) (66, 55) (93, 55) (108, 56) (129, 59) (159, 59) 6 8 3 9 4 7 
748 (45, 54) (64, 56) (93, 61) (125, 64) (144, 63) (159, 63) 3 7 7 6 1 6 
749 (49, 46) (67, 47) (84, 50) (115, 45) (139, 48) (165, 56) 7 8 1 8 1 1 
750 (42, 44) (72, 45) (99, 47) (116, 46) (134, 46) (164, 50) 6 9 0 5 4 6 
751 (47, 51) (69, 52) (99, 57) (118, 59) (134, 60) (157, 60) 8 8 0 9 9 6 
752 (41, 59) (64, 58) (82, 58) (114, 61) (143, 61) (176, 57) 7 3 1 8 7 9 
753 (47, 44) (72, 44) (89, 44) (113, 43) (142, 45) (159, 47) 0 7 1 7 8 0 
754 (46, 51) (70, 53) (96, 58) (117, 54) (138, 55) (162, 58) 8 7 9 0 5 5 
755 (42, 44) (68, 47) (94, 51) (112, 47) (138, 50) (170, 52) 6 3 4 7 2 5 
756 (50, 49) (70, 50) (87, 49) (107, 49) (134, 52) (162, 57) 0 0 5 2 4 8 
757 (45, 44) (62, 47) (79, 48) (115, 47) (144, 45) (171, 44) 6 8 1 2 2 7 
758 (48, 66) (68, 64) (89, 62) (111, 64) (138, 58) (169, 55) 4 1 9 2 3 5 
759 (40, 60) (66, 52) (97, 49) (121, 48) (141, 48) (157, 45) 4 5 9 1 1 5 
760 (39, 45) (59, 45) (89, 46) (117, 46) (135, 48) (161, 44) 7 6 6 5 8 3 
761 (34, 48) (65, 48) (89, 42) (119, 43) (145, 46) (159, 45) 2 9 3 9 9 3 
762 (49, 57) (67, 58) (88, 55) (117, 59) (139, 59) (165, 54) 7 1 2 4 2 3 
763 (51, 54) (69, 54) (86, 55) (108, 60) (133, 59) (161, 55) 1 7 9 1 0 4 
764 (33, 48) (61, 44) (95, 43) (117, 42) (138, 45) (158, 39) 4 5 9 2 4 6 
765 (34, 48) (57, 49) (89, 45) (119, 49) (143, 47) (165, 42) 0 2 1 2 8 8 
766 (36, 49) (70, 55) (98, 57) (122, 57) (141, 56) (157, 60) 3 0 5 2 5 3 
767 (41, 53) (59, 54) (84, 53) (110, 51) (141, 50) (169, 55) 0 5 9 2 9 6 
768 (43, 51) (59, 51) (77, 52) (113, 54) (145, 55) (171, 52) 3 1 1 5 3 3 
769 (49, 56) (62, 56) (80, 54) (111, 57) (133, 57) (156, 53) 6 7 3 2 2 1 
770 (37, 45) (67, 49) (97, 52) (119, 53) (140, 52) (161, 53) 1 0 8 8 9 0 
771 (48, 55) (65, 54) (86, 52) (113, 49) (133, 50) (166, 54) 6 9 6 6 0 9 
772 (36, 54) (69, 52) (90, 51) (117, 53) (145, 55) (165, 54) 8 6 2 4 9 0 
773 (45, 49) (74, 47) (96, 48) (107, 48) (132, 51) (154, 54) 2 6 2 5 6 1 
774 (38, 57) (65, 54) (95, 51) (114, 49) (142, 50) (164, 46) 4 0 5 8 2 0 
775 (39, 47) (65, 50) (91, 50) (114, 51) (142, 48) (164, 53) 7 8 0 6 9 1 
776 (48, 50) (69, 52) (92, 51) (112, 52) (139, 52) (166, 59) 8 2 6 0 6 4 
777 (37, 64) (68, 59) (95, 53) (113, 55) (137, 47) (161, 48) 4 4 8 0 8 3 
778 (51, 57) (66, 58) (85, 57) (116, 60) (140, 60) (157, 58) 6 3 3 7 6 4 
779 (43, 45) (62, 48) (82, 45) (109, 43) (136, 48) (164, 50) 4 1 8 1 0 2 
780 (28, 55) (57, 56) (89, 59) (119, 55) (144, 58) (162, 60) 7 7 7 8 6 0 
781 (38, 54) (63, 54) (102, 52) (118, 51) (137, 54) (160, 49) 9 3 9 1 8 7 
782 (40, 62) (63, 63) (86, 62) (118, 62) (139, 60) (160, 62) 0 6 3 4 0 7 
783 (39, 56) (65, 51) (88, 54) (115, 57) (141, 56) (172, 53) 4 7 9 1 6 7 
784 (37, 48) (68, 48) (89, 51) (108, 49) (140, 45) (167, 48) 6 6 4 3 7 5 
785 (44, 48) (70, 51) (91, 51) (113, 51) (133, 49) (156, 52) 9 5 7 4 8 5 
786 (30, 55) (63, 52) (92, 52) (114, 50) (131, 54) (166, 49) 9 7 9 7 8 6 
788 (34, 57) (66, 58) (99, 63) (125, 61) (146, 61) (168, 61) 1 3 0 8 3 2 
789 (46, 48) (65, 47) (97, 44) (122, 42) (142, 43) (159, 41) 5 1 6 9 9 5 
790 (43, 44) (60, 46) (79, 44) (107, 43) (136, 45) (169, 48) 4 4 6 5 3 3 
791 (45, 44) (71, 44) (86, 42) (110, 44) (142, 45) (170, 48) 8 0 7 7 4 0 
792 (51, 61) (74, 59) (95, 59) (118, 58) (140, 59) (162, 51) 0 3 1 6 4 9 
793 (50, 53) (63, 53) (81, 50) (110, 54) (141, 56) (166, 50) 6 8 5 5 9 7 
794 (37, 60) (69, 57) (92, 55) (107, 54) (139, 52) (162, 52) 1 1 5 8 5 7 
795 (42, 58) (67, 55) (85, 54) (111, 56) (145, 57) (175, 56) 9 8 0 1 2 4 
796 (50, 53) (67, 55) (89, 57) (119, 57) (146, 56) (168, 57) 4 6 9 9 0 9 
797 (42, 53) (64, 53) (89, 55) (107, 53) (134, 53) (165, 55) 9 8 6 0 6 5 
798 (47, 55) (62, 55) (85, 55) (110, 56) (136, 54) (163, 56) 2 7 9 5 5 4 
799 (48, 60) (76, 59) (98, 58) (115, 60) (138, 57) (167, 52) 0 0 3 0 6 6 
800 (42, 44) (61, 43) (94, 44) (119, 44) (138, 43) (161, 46) 7 8 9 0 3 4 
801 (45, 61) (71, 58) (92, 58) (111, 56) (130, 54) (156, 52) 2 9 2 6 6 2 
802 (38, 51) (62, 55) (86, 54) (108, 49) (136, 52) (161, 56) 4 0 9 7 4 1 
803 (40, 51) (68, 53) (91, 54) (114, 55) (139, 53) (166, 56) 7 8 3 9 1 5 
804 (43, 44) (66, 42) (91, 42) (111, 44) (131, 46) (159, 43) 2 7 7 5 3 3 
805 (47, 55) (64, 55) (84, 57) (109, 58) (135, 56) (165, 52) 7 5 6 7 8 1 
806 (42, 59) (62, 57) (87, 58) (117, 61) (144, 60) (169, 56) 2 3 0 2 7 4 
807 (34, 51) (63, 53) (91, 45) (122, 45) (145, 46) (159, 45) 0 4 5 6 4 8 
808 (35, 48) (52, 49) (89, 45) (120, 46) (139, 45) (160, 41) 7 1 8 4 4 0 
809 (48, 50) (70, 52) (95, 46) (116, 51) (137, 54) (161, 50) 7 4 7 2 2 2 
810 (53, 64) (64, 66) (86, 62) (112, 58) (135, 56) (158, 60) 4 0 4 1 8 2 
811 (38, 53) (62, 52) (89, 48) (108, 51) (134, 52) (168, 45) 8 3 3 3 0 8 
812 (39, 54) (64, 54) (87, 50) (114, 51) (140, 53) (162, 51) 3 0 8 5 7 4 
813 (35, 47) (62, 51) (85, 52) (105, 50) (137, 55) (159, 56) 2 2 0 3 6 1 
814 (49, 56) (67, 56) (89, 55) (112, 57) (130, 56) (163, 56) 2 2 3 2 2 6 
815 (47, 44) (76, 47) (95, 47) (115, 48) (139, 46) (160, 51) 3 2 8 4 7 1 
816 (44, 46) (60, 44) (89, 39) (119, 42) (139, 43) (158, 42) 9 1 2 4 2 2 
817 (42, 41) (71, 46) (90, 46) (117, 47) (142, 44) (158, 45) 5 4 0 9 1 2 
818 (49, 45) (73, 48) (98, 49) (117, 51) (139, 53) (157, 56) 5 4 2 8 4 4 
819 (41, 46) (69, 49) (86, 48) (109, 47) (141, 47) (174, 51) 2 2 1 3 4 4 
820 (52, 57) (69, 59) (89, 57) (109, 60) (132, 57) (164, 59) 4 7 6 1 4 7 
821 (39, 48) (67, 46) (98, 44) (117, 42) (137, 43) (166, 41) 3 7 9 5 3 2 
822 (57, 62) (76, 62) (93, 61) (110, 61) (134, 57) (152, 54) 0 0 0 2 4 2 
823 (31, 51) (62, 48) (89, 48) (118, 45) (142, 51) (163, 49) 5 0 0 5 3 2 
824 (42, 61) (77, 63) (103, 63) (118, 60) (140, 62) (161, 56) 1 7 4 0 2 6 
825 (43, 52) (60, 55) (86, 55) (113, 52) (139, 52) (169, 53) 4 0 9 8 1 7 
826 (37, 56) (71, 51) (97, 51) (121, 52) (142, 56) (163, 54) 2 6 9 0 6 9 
827 (40, 55) (61, 52) (84, 54) (113, 55) (147, 54) (164, 52) 7 5 4 1 6 1 
828 (43, 52) (59, 48) (79, 47) (114, 54) (138, 54) (158, 50) 1 5 8 4 1 8 
829 (32, 51) (66, 48) (98, 44) (118, 46) (134, 45) (163, 43) 8 9 6 3 2 2 
830 (52, 48) (73, 51) (85, 50) (111, 50) (139, 51) (168, 49) 6 4 0 0 2 7 
831 (31, 55) (62, 58) (91, 60) (109, 60) (135, 58) (162, 59) 9 0 7 3 6 1 
832 (50, 43) (77, 40) (101, 43) (116, 43) (135, 45) (166, 50) 8 9 4 3 0 1 
833 (39, 54) (63, 51) (100, 47) (124, 45) (145, 47) (158, 43) 6 6 6 1 4 3 
834 (51, 46) (65, 44) (90, 41) (119, 41) (145, 41) (161, 40) 9 2 5 8 8 2 
835 (51, 43) (71, 42) (89, 47) (112, 45) (142, 45) (169, 46) 5 2 4 4 9 3 
836 (37, 57) (63, 60) (83, 61) (123, 58) (144, 58) (160, 60) 7 2 1 7 7 9 
837 (41, 59) (62, 58) (77, 55) (112, 60) (142, 60) (168, 57) 3 0 3 6 8 6 
838 (35, 50) (68, 49) (93, 53) (112, 49) (139, 48) (167, 54) 1 3 6 9 7 8 
839 (45, 56) (69, 54) (95, 53) (116, 52) (134, 49) (157, 45) 3 2 0 4 8 9 
840 (44, 57) (61, 58) (85, 57) (115, 57) (134, 58) (160, 60) 0 5 0 2 4 4 
841 (35, 54) (66, 56) (97, 58) (114, 60) (136, 56) (171, 61) 0 5 7 1 3 2 
842 (46, 42) (77, 43) (100, 43) (118, 46) (143, 46) (162, 45) 6 6 1 5 9 3 
843 (49, 48) (75, 45) (96, 52) (120, 51) (138, 52) (166, 55) 2 3 2 8 1 8 
844 (39, 56) (64, 53) (91, 50) (121, 49) (141, 52) (165, 50) 9 6 0 6 3 7 
845 (45, 62) (70, 59) (89, 59) (112, 57) (141, 56) (161, 57) 2 6 4 7 8 8 
846 (51, 49) (69, 49) (95, 45) (115, 43) (131, 46) (153, 43) 6 4 9 7 5 1 
847 (43, 50) (63, 45) (84, 45) (110, 45) (139, 47) (160, 47) 9 7 1 1 7 1 
848 (42, 43) (70, 46) (96, 47) (113, 46) (137, 48) (167, 51) 8 0 7 9 0 8 
849 (46, 58) (68, 59) (99, 64) (120, 63) (142, 61) (160, 58) 1 5 9 2 9 5 
850 (40, 47) (64, 48) (85, 47) (116, 48) (146, 47) (170, 47) 1 2 5 8 2 0 
851 (32, 51) (60, 50) (89, 47) (117, 48) (136, 46) (166, 42) 9 4 8 9 9 6 
852 (43, 59) (61, 58) (80, 56) (109, 57) (138, 57) (162, 55) 3 8 7 3 1 7 
854 (37, 61) (58, 64) (89, 64) (115, 65) (139, 63) (157, 63) 0 0 9 0 6 4 
855 (47, 47) (64, 47) (94, 42) (124, 40) (143, 41) (164, 39) 6 1 5 0 1 9 
856 (46, 51) (63, 50) (81, 50) (118, 53) (144, 50) (159, 47) 6 0 1 2 6 3 
857 (46, 56) (59, 56) (80, 56) (115, 53) (141, 51) (164, 54) 6 3 3 4 0 6 
858 (41, 52) (65, 51) (90, 53) (108, 55) (126, 53) (162, 48) 8 3 4 8 1 6 
859 (47, 57) (65, 55) (83, 52) (112, 56) (140, 57) (165, 55) 6 3 5 6 7 8 
860 (40, 47) (71, 54) (98, 55) (114, 52) (140, 54) (168, 59) 8 9 9 8 4 2 
861 (49, 45) (76, 45) (100, 44) (116, 45) (135, 48) (161, 53) 7 0 0 5 7 9 
862 (33, 46) (63, 40) (91, 39) (118, 40) (135, 44) (157, 40) 8 3 7 0 4 9 
863 (45, 51) (61, 57) (85, 57) (110, 57) (135, 54) (165, 59) 8 7 6 2 3 7 
864 (50, 57) (66, 60) (89, 58) (119, 55) (137, 56) (157, 58) 8 4 7 5 5 2 
865 (42, 58) (68, 58) (98, 64) (120, 62) (136, 63) (157, 65) 2 7 4 0 5 2 
866 (37, 60) (62, 52) (88, 51) (113, 52) (146, 56) (160, 52) 4 3 6 1 6 3 
867 (47, 58) (62, 59) (81, 59) (113, 55) (140, 53) (161, 56) 4 2 4 6 7 5 
868 (48, 62) (72, 59) (88, 57) (110, 57) (139, 61) (168, 55) 2 8 9 5 5 5 
869 (44, 58) (73, 57) (96, 53) (122, 56) (143, 55) (158, 52) 5 9 3 9 7 0 
870 (48, 56) (67, 59) (81, 58) (110, 55) (138, 54) (160, 56) 5 9 1 5 0 4 
871 (51, 49) (73, 50) (91, 53) (118, 53) (143, 50) (160, 50) 4 9 2 9 5 5 
872 (41, 54) (68, 53) (95, 55) (125, 56) (141, 55) (163, 59) 1 8 5 9 8 0 
873 (35, 55) (72, 53) (95, 49) (121, 50) (142, 53) (168, 51) 1 9 5 6 3 5 
874 (54, 49) (73, 49) (90, 48) (105, 52) (125, 49) (165, 42) 0 6 6 3 8 6 
875 (46, 45) (62, 43) (83, 47) (112, 45) (145, 46) (172, 43) 7 7 4 0 0 5 
877 (42, 54) (65, 54) (96, 56) (119, 52) (140, 56) (161, 59) 1 4 9 6 0 7 
878 (54, 62) (68, 63) (85, 62) (106, 63) (134, 57) (168, 52) 7 8 9 2 8 8 
879 (42, 52) (63, 50) (86, 51) (110, 46) (139, 51) (170, 55) 4 7 9 3 8 9 
880 (40, 45) (65, 47) (94, 50) (120, 50) (135, 48) (164, 54) 5 6 5 9 8 7 
881 (35, 43) (65, 45) (96, 47) (112, 47) (145, 45) (172, 48) 7 8 7 5 8 4 
882 (40, 48) (58, 46) (82, 49) (115, 52) (134, 53) (160, 51) 7 7 0 9 0 5 
883 (39, 53) (60, 50) (86, 50) (104, 54) (128, 54) (160, 53) 8 3 9 6 5 4 
884 (39, 59) (69, 53) (99, 50) (116, 52) (146, 54) (160, 51) 3 3 8 1 4 9 
885 (39, 62) (65, 62) (87, 56) (107, 59) (134, 61) (166, 54) 5 4 8 0 4 8 
886 (52, 55) (70, 59) (90, 59) (110, 57) (131, 56) (158, 56) 8 2 9 2 1 7 
887 (42, 56) (61, 60) (78, 58) (118, 56) (144, 55) (166, 59) 1 9 1 9 5 9 
888 (34, 48) (62, 46) (93, 44) (116, 41) (135, 41) (161, 40) 5 8 0 6 3 0 
889 (49, 48) (65, 50) (91, 44) (115, 45) (142, 45) (163, 44) 0 4 9 3 0 0 
890 (32, 53) (62, 54) (99, 50) (117, 50) (138, 47) (167, 46) 5 4 7 6 6 5 
891 (52, 51) (69, 52) (94, 55) (122, 54) (145, 54) (167, 54) 7 1 5 5 2 6 
892 (45, 53) (71, 56) (94, 60) (115, 53) (142, 55) (165, 55) 4 6 4 4 4 7 
893 (34, 46) (57, 43) (91, 42) (117, 42) (141, 42) (163, 41) 4 1 7 3 7 3 
894 (48, 52) (65, 51) (96, 49) (116, 48) (135, 49) (155, 48) 8 0 4 2 7 0 
895 (38, 58) (71, 63) (96, 64) (121, 62) (140, 62) (159, 63) 4 4 0 6 7 1 
896 (48, 48) (71, 47) (94, 42) (110, 41) (132, 45) (161, 42) 1 6 6 0 8 3 
897 (38, 46) (61, 48) (93, 50) (126, 52) (144, 50) (159, 50) 2 3 4 4 2 1 
898 (45, 46) (69, 48) (103, 47) (118, 49) (138, 48) (159, 52) 4 1 6 3 3 3 
899 (48, 48) (65, 46) (85, 48) (109, 48) (128, 49) (157, 45) 0 6 1 2 3 8 
900 (40, 55) (68, 59) (94, 61) (118, 59) (143, 62) (157, 60) 7 8 7 1 7 6 
901 (45, 52) (68, 53) (96, 55) (119, 57) (133, 58) (157, 61) 3 3 5 7 7 0 
902 (40, 49) (68, 51) (95, 53) (115, 51) (138, 50) (165, 54) 6 5 4 9 0 0 
903 (39, 57) (63, 55) (94, 60) (121, 60) (144, 59) (171, 62) 2 8 2 4 4 9 
904 (39, 60) (69, 59) (96, 53) (117, 56) (140, 57) (165, 53) 5 4 5 5 2 3 
905 (51, 44) (74, 46) (92, 42) (107, 43) (130, 48) (165, 51) 9 4 7 5 2 0 
906 (51, 49) (74, 52) (94, 55) (118, 54) (142, 54) (160, 54) 7 9 5 5 2 7 
907 (44, 55) (67, 57) (91, 55) (115, 59) (136, 56) (170, 52) 6 1 9 4 1 0 
908 (40, 52) (63, 50) (93, 49) (123, 48) (150, 52) (169, 48) 6 8 9 0 8 3 
909 (45, 62) (64, 62) (85, 57) (119, 58) (141, 59) (159, 59) 8 1 4 7 8 6 
910 (49, 58) (70, 58) (100, 51) (118, 51) (136, 56) (155, 50) 6 1 3 8 1 3 
911 (49, 58) (74, 57) (100, 56) (121, 58) (142, 60) (165, 61) 6 1 5 6 0 1 
912 (40, 48) (68, 46) (95, 46) (120, 49) (137, 48) (155, 47) 7 6 4 4 6 1 
913 (43, 52) (65, 54) (91, 55) (115, 52) (134, 49) (166, 54) 6 0 7 9 8 9 
914 (37, 45) (69, 47) (101, 49) (119, 47) (147, 46) (171, 50) 5 0 9 2 8 9 
915 (45, 49) (69, 49) (97, 52) (112, 49) (130, 52) (161, 57) 4 5 7 5 5 7 
916 (39, 53) (67, 54) (100, 47) (120, 48) (142, 48) (159, 48) 7 0 7 0 5 6 
917 (39, 64) (67, 60) (94, 62) (110, 61) (136, 56) (169, 52) 1 7 4 8 6 3 
918 (36, 48) (59, 52) (80, 51) (112, 50) (144, 49) (168, 49) 7 1 3 2 1 1 
919 (43, 52) (59, 52) (88, 52) (117, 56) (138, 51) (164, 44) 9 1 9 4 6 8 
920 (47, 53) (73, 51) (91, 49) (116, 51) (144, 56) (165, 48) 1 5 2 2 9 6 
921 (34, 52) (61, 48) (85, 45) (112, 45) (140, 47) (161, 47) 3 2 1 3 1 6 
922 (34, 52) (59, 53) (86, 60) (107, 57) (129, 55) (161, 58) 3 3 1 2 1 2 
923 (46, 42) (73, 41) (93, 38) (108, 40) (134, 42) (171, 46) 9 9 9 0 7 9 
924 (38, 56) (59, 58) (91, 59) (115, 57) (133, 58) (160, 61) 3 8 8 7 9 7 
925 (47, 55) (65, 53) (85, 50) (113, 52) (139, 52) (161, 50) 9 7 8 0 8 9 
926 (43, 46) (62, 46) (88, 45) (114, 47) (136, 48) (164, 44) 0 4 5 3 0 4 
927 (37, 46) (65, 47) (91, 48) (112, 50) (136, 45) (166, 44) 3 9 2 4 9 0 
928 (42, 57) (67, 56) (92, 54) (118, 52) (143, 55) (169, 51) 1 0 1 3 7 9 
929 (36, 53) (60, 48) (80, 50) (114, 52) (144, 58) (164, 53) 1 7 8 7 9 0 
930 (37, 61) (65, 59) (94, 57) (111, 54) (133, 53) (166, 49) 9 2 6 3 5 6 
931 (45, 47) (65, 48) (85, 52) (113, 50) (144, 49) (171, 50) 1 3 9 0 5 5 
932 (38, 50) (60, 52) (83, 53) (114, 51) (141, 50) (164, 53) 4 9 4 9 5 2 
933 (47, 46) (68, 45) (95, 46) (111, 46) (143, 53) (167, 53) 4 1 0 1 4 7 
934 (36, 56) (67, 55) (96, 52) (115, 49) (143, 54) (169, 53) 0 9 9 8 0 9 
935 (42, 53) (57, 47) (84, 47) (113, 49) (145, 49) (164, 47) 4 5 3 1 8 0 
936 (36, 46) (56, 44) (91, 42) (115, 43) (136, 42) (156, 41) 9 1 4 5 3 1 
937 (40, 63) (64, 59) (81, 59) (106, 60) (139, 58) (164, 55) 0 3 7 5 7 2 
938 (44, 46) (64, 45) (88, 46) (117, 47) (141, 48) (156, 45) 2 9 6 0 6 8 
939 (50, 44) (75, 45) (100, 47) (114, 49) (135, 52) (158, 57) 5 5 2 1 8 2 
940 (31, 49) (60, 47) (94, 41) (113, 40) (135, 42) (163, 42) 8 3 5 1 5 4 
941 (47, 45) (69, 43) (90, 46) (113, 46) (145, 41) (171, 46) 7 3 9 0 6 8 
942 (49, 64) (73, 64) (88, 60) (111, 59) (137, 62) (167, 58) 5 4 1 8 2 6 
943 (45, 53) (72, 54) (96, 52) (119, 51) (139, 51) (159, 60) 0 1 5 9 3 4 
944 (38, 52) (64, 46) (87, 43) (114, 44) (142, 50) (163, 46) 2 3 5 3 4 6 
945 (33, 60) (68, 58) (98, 58) (118, 55) (144, 58) (174, 58) 5 0 8 7 6 7 
946 (44, 58) (69, 57) (84, 55) (114, 54) (147, 60) (168, 54) 3 6 7 3 4 5 
947 (36, 50) (58, 49) (83, 50) (117, 52) (147, 52) (166, 48) 9 0 1 2 4 6 
948 (31, 55) (59, 52) (92, 44) (120, 47) (150, 52) (170, 50) 3 1 3 9 2 5 
949 (39, 48) (70, 48) (101, 50) (112, 49) (134, 50) (169, 52) 2 5 9 0 3 6 
950 (41, 48) (59, 53) (78, 49) (110, 48) (136, 49) (171, 50) 9 9 8 4 0 9 
951 (50, 54) (71, 58) (94, 58) (118, 58) (136, 61) (158, 62) 8 4 9 0 2 0 
952 (43, 61) (69, 60) (93, 57) (119, 55) (143, 56) (162, 54) 7 6 2 5 7 4 
953 (39, 57) (60, 54) (78, 52) (113, 57) (141, 58) (173, 55) 0 4 7 6 7 9 
954 (55, 54) (73, 54) (96, 56) (110, 56) (131, 56) (162, 59) 7 4 4 2 6 7 
955 (30, 56) (62, 59) (88, 61) (106, 62) (130, 58) (162, 61) 8 7 5 2 7 2 
956 (36, 54) (70, 58) (95, 57) (120, 56) (141, 55) (163, 57) 2 0 3 3 2 1 
957 (41, 46) (66, 47) (93, 45) (124, 42) (141, 42) (159, 41) 3 4 6 6 0 2 
958 (37, 47) (67, 50) (95, 52) (116, 50) (142, 51) (171, 51) 8 7 3 0 4 6 
959 (37, 49) (65, 47) (98, 45) (111, 45) (132, 46) (157, 41) 6 2 8 3 4 8 
960 (41, 52) (64, 49) (87, 50) (118, 54) (137, 54) (160, 49) 9 7 6 2 1 9 
961 (41, 42) (73, 45) (88, 46) (108, 44) (140, 40) (168, 43) 2 9 1 0 1 6 
962 (51, 54) (67, 54) (88, 57) (117, 56) (142, 54) (160, 57) 2 7 9 4 6 1 
963 (50, 42) (71, 42) (89, 42) (115, 41) (140, 42) (171, 49) 6 1 3 7 6 2 
964 (36, 57) (64, 60) (92, 64) (123, 62) (140, 63) (161, 64) 2 0 6 4 4 7 
965 (44, 46) (64, 45) (93, 42) (117, 41) (139, 46) (163, 44) 0 9 4 1 4 5 
966 (48, 45) (72, 45) (86, 48) (109, 47) (136, 48) (165, 50) 3 7 5 3 0 7 
967 (47, 53) (65, 55) (88, 56) (109, 56) (133, 58) (159, 60) 9 4 7 2 3 2 
968 (33, 47) (60, 50) (88, 49) (117, 49) (149, 49) (165, 50) 8 1 5 3 4 0 
969 (36, 53) (64, 50) (86, 52) (104, 55) (130, 55) (165, 49) 5 4 0 1 4 9 
970 (43, 59) (70, 56) (94, 52) (111, 56) (132, 55) (158, 52) 9 9 9 9 9 2 
971 (39, 60) (69, 60) (90, 57) (116, 57) (148, 59) (178, 55) 7 4 8 3 3 2 
972 (41, 54) (66, 57) (88, 56) (105, 54) (130, 56) (160, 58) 3 1 8 8 9 4 
973 (44, 48) (64, 50) (87, 52) (118, 52) (148, 51) (164, 52) 5 9 2 8 6 2 
974 (43, 61) (67, 60) (85, 58) (111, 57) (145, 60) (166, 56) 3 2 7 8 2 8 
975 (39, 43) (70, 45) (92, 47) (108, 43) (138, 48) (169, 51) 5 6 4 7 9 6 
976 (40, 41) (65, 44) (89, 48) (111, 45) (139, 49) (162, 50) 5 1 6 6 9 5 
977 (37, 61) (72, 58) (96, 59) (117, 57) (143, 59) (162, 55) 8 7 0 5 7 8 
978 (54, 45) (71, 43) (91, 42) (116, 42) (132, 41) (158, 41) 7 6 1 6 7 5 
979 (44, 51) (60, 50) (92, 48) (113, 49) (132, 50) (165, 44) 2 1 3 8 1 8 
980 (35, 49) (66, 52) (92, 58) (112, 51) (139, 57) (167, 60) 3 3 4 3 7 7 
981 (27, 56) (58, 58) (91, 60) (118, 62) (134, 62) (162, 63) 1 2 3 4 1 1 
982 (47, 49) (74, 48) (93, 49) (109, 48) (133, 47) (165, 53) 2 0 4 1 3 6 
983 (45, 44) (72, 43) (98, 43) (116, 43) (144, 48) (160, 49) 9 8 3 3 9 8 
984 (49, 64) (65, 65) (83, 63) (111, 63) (137, 63) (164, 54) 9 1 4 2 2 6 
985 (48, 51) (76, 52) (93, 53) (118, 53) (141, 53) (156, 51) 1 8 2 9 1 3 
986 (36, 50) (65, 50) (98, 45) (117, 44) (134, 46) (164, 42) 8 2 0 0 6 9 
987 (42, 47) (67, 50) (92, 47) (126, 42) (153, 44) (168, 45) 3 4 6 5 8 5 
988 (45, 62) (72, 59) (95, 58) (112, 58) (136, 57) (165, 53) 9 3 3 2 1 9 
989 (31, 53) (60, 60) (91, 62) (120, 58) (145, 63) (163, 60) 3 4 9 6 0 3 
990 (48, 54) (70, 52) (99, 57) (120, 53) (139, 54) (166, 61) 6 7 9 5 4 6 
991 (31, 50) (61, 52) (95, 54) (120, 54) (147, 53) (167, 53) 2 1 5 8 1 2 
992 (39, 50) (59, 52) (77, 55) (109, 50) (139, 55) (171, 55) 3 0 3 8 4 9 
993 (32, 48) (64, 49) (93, 44) (114, 42) (136, 44) (163, 42) 5 7 8 9 9 3 
994 (38, 47) (71, 46) (96, 44) (116, 43) (140, 43) (174, 52) 1 0 9 2 6 9 
995 (40, 53) (66, 48) (94, 46) (111, 45) (131, 50) (161, 47) 7 5 3 1 3 4 
996 (46, 50) (70, 55) (89, 56) (114, 54) (140, 53) (167, 52) 3 0 6 0 0 7 
997 (36, 46) (68, 48) (94, 49) (111, 50) (134, 53) (162, 57) 8 5 1 3 2 9 
998 (49, 46) (69, 50) (94, 47) (122, 45) (146, 44) (162, 45) 3 4 2 3 1 3 
999 (51, 45) (71, 46) (90, 42) (114, 48) (128, 49) (157, 45) 3 4 3 4 0 4 
1000 (43, 62) (58, 62) (90, 61) (119, 61) (142, 65) (159, 64) 0 2 7 3 5 2 
1001 (35, 57) (62, 49) (87, 51) (116, 49) (134, 53) (163, 50) 4 9 0 7 9 9 
1002 (44, 60) (67, 60) (92, 59) (114, 60) (141, 59) (168, 54) 7 2 9 6 4 1 
1003 (30, 54) (56, 57) (92, 60) (116, 58) (136, 59) (161, 63) 7 1 8 8 5 1 
1004 (44, 61) (69, 60) (84, 60) (114, 55) (147, 61) (173, 55) 2 9 1 6 4 3 
1005 (44, 48) (65, 47) (89, 47) (118, 49) (138, 51) (165, 48) 0 9 3 7 0 5 
1006 (37, 57) (64, 57) (92, 60) (111, 59) (135, 54) (164, 61) 1 3 2 4 9 2 
1007 (47, 55) (73, 51) (101, 49) (118, 49) (139, 50) (159, 50) 9 9 3 2 1 2 
1008 (44, 60) (65, 58) (84, 54) (119, 55) (153, 56) (170, 55) 9 7 3 8 6 6 
1009 (46, 44) (63, 45) (85, 45) (112, 41) (143, 45) (170, 48) 0 2 3 2 9 0 
1010 (43, 65) (67, 59) (89, 57) (118, 61) (141, 61) (160, 58) 0 3 9 9 2 5 
1011 (38, 60) (68, 55) (95, 54) (115, 50) (143, 59) (171, 56) 6 5 4 3 1 9 
1012 (53, 57) (72, 59) (93, 56) (109, 55) (134, 62) (155, 62) 0 2 5 3 4 5 
1013 (42, 61) (61, 57) (84, 57) (112, 61) (137, 57) (164, 53) 4 3 3 9 0 5 
1014 (46, 45) (65, 45) (90, 45) (120, 44) (142, 43) (164, 42) 8 9 7 3 7 2 
1015 (49, 64) (70, 62) (89, 62) (111, 62) (138, 63) (167, 62) 6 1 9 5 1 4 
1016 (38, 60) (67, 58) (95, 62) (115, 61) (137, 59) (170, 54) 5 8 4 9 0 3 
